Choles- Carbo- Total Potas- Ribo- Ascor-
terol hydrate dietary Calcium Iron sium Sodium Vitamin A Thiamin flavinNiacin bic acid Food
(mg) (g) fiber (g) (mg) (mg) (mg) (mg) (IU) (RE) (mg) (mg)(mg) (mg) No.
15013 0.718 0.1 89 18 0 0 0.020.09 1.6 0 1
05 0.018 0.1 64 11 0 0 0.030.11 1.4 0 2
00 0.0 0Tr 1Tr 0 0TrTr Tr 0 3
0Tr 0.0 0Tr 1Tr 0 0TrTr Tr 0 4
00 0.0 0Tr 1Tr 0 0TrTr Tr 0 5
024 0.0 1Tr 16 4 0 0Tr0.01 0.1 0 6
04 0.0 20.1 13 3 2 0 0.01Tr Tr 1 7
040 0.811 0.3100 8 3 0 0.040.02 0.2 7 8
04 0.0 80.2 95 9 0 0 0.020.02 0.2 0 9
012 0.0 80.2 95 9 0 0 0.020.02 0.2 0 10
02 0.0 80.4115 5 0 0 0.010.03 0.1 0 11
01 0.0 90.3 82 5 0 0Tr0.01 0.1 0 12
00 0.018Tr 775 0 0 0.000.00 0.0 0 13
038 0.011 0.1 415 0 0 0.000.00 0.0 0 14
0Tr 0.014 0.1 021 0 0 0.020.08 0.0 0 15
00 0.014 0.1 721 0 0 0.000.00 0.0 0 16
032 0.011 0.7 426 0 0 0.000.00 0.0 0 17
042 0.011 0.3 456 0 0 0.000.00 0.0 0 18
038 0.0 70.3 440 0 0 0.000.00 0.1 0 19
046 0.019 0.2 745 0 0 0.000.00 0.0 0 20
038 0.011 0.1 437 0 0 0.000.00 0.0 0 21
039 0.019 0.2 448 0 0 0.000.00 0.0 0 22
020 1.3 80.7128 45 4Tr 0.010.03 0.1Tr 23
3231 1.3301 0.8497 165 311 77 0.100.43 0.3 2 24
122 0.392 0.3202 143 4 1 0.030.16 0.2 1 25
222 2.597 0.4202 148 4 0 0.030.16 0.2Tr 26
19 0.486 0.7405 168 5 1 0.040.21 0.2 0 27
28 0.490 0.7405 173 4 0 0.040.21 0.2 0 28
01 0.0 40.1 96 4 0 0 0.000.00 0.4 0 29
01 0.0 10.1 69 8 0 0Tr0.11 3.1Tr 30
01 0.0 50.1 64 5 0 0 0.00Tr 0.5 0 31