Choles- Carbo- Total Potas- Ribo- Ascor-
terol hydrate dietary Calcium Iron sium Sodium Vitamin A Thiamin flavinNiacin bic acid Food
(mg) (g) fiber (g) (mg) (mg) (mg) (mg) (IU) (RE) (mg) (mg)(mg) (mg) No.
23149 34 0.0330 0.5420 138 894 203 0.090.48 0.3 4 131
3263 0.9396 0.9672 333 258 63 0.140.67 0.4 0 132
3756 0.0457 0.3572 299 357 88 0.090.61 0.5 0 133
1043 0.0345 0.2442 133 104 25 0.080.40 0.2 1 134
1416 0.0415 0.2531 159 150 36 0.100.49 0.3 2 135
543 0.0345 0.2440 132 16 5 0.090.41 0.2 2 136
417 0.0452 0.2579 174 16 5 0.110.53 0.3 2 137
2911 0.0274 0.1351 105 279 68 0.070.32 0.2 1 138
517 0.0325 0.3402 134 0 0 0.080.37 0.2 2 139
187 1 0.022 0.6 53 55279 84 0.030.22Tr 0 140
213 1 0.025 0.7 61 63318 96 0.030.25Tr 0 141
247 1 0.028 0.8 70 73368 111 0.040.29Tr 0 142
0Tr 0.0 2Tr 48 55 0 0Tr0.15Tr 0 143
213 Tr 0.023 0.6 16 7323 97 0.030.11Tr 0 144
211 1 0.025 0.7 61162 394 114 0.030.24Tr 0 145
212 1 0.025 0.6 63 62280 84 0.030.26Tr 0 146
577 2 0.068 1.6171 169 762 228 0.090.70 0.1 0 147
212 1 0.025 0.7 60140 316 95 0.020.22Tr 0 148
215 1 0.043 0.7 84171 416 119 0.030.27Tr Tr 149
1Tr 0.033 1.3208 1121,361 136 0.070.19 0.1 0 150
248 Tr 0.027 0.2 299373,468 855 0.010.04Tr 0 151
31Tr 0.0 3Tr 4117 434 107 TrTr Tr 0 152
11Tr 0.0 1Tr 141153 38 TrTr Tr 0 153
248 Tr 0.027 0.2 29 123,468 855 0.010.04Tr 0 154
195 0 0.0Tr 0.0 Tr Tr 0 0 0.000.00 0.0 0 155
12 0 0.0Tr 0.0 Tr Tr 0 0 0.000.00 0.0 0 156
01 0.034 0.1 481,070 4,050 906 0.010.04Tr Tr 157
0Tr 0.0 4Tr 6132 500 112 Tr0.01Tr Tr 158
0Tr 0.0 1Tr 244168 38 TrTr Tr Tr 159
01 0.060 0.0 862,449 8,106 1,814 0.020.07Tr Tr 160
0Tr 0.0 10.0 251168 38 TrTr Tr Tr 161