Choles- Carbo- Total Potas- Ribo- Ascor-
terol hydrate dietary Calcium Iron sium Sodium Vitamin A Thiamin flavinNiacin bic acid Food
(mg) (g) fiber (g) (mg) (mg) (mg) (mg) (IU) (RE) (mg) (mg)(mg) (mg) No.
21102 10 0.0268 0.1331 1231,817 449 0.080.34 0.2 2 95
51 0.014Tr 17 695 23 Tr0.02Tr Tr 96
61 0.016Tr 19 668 17 0.010.02Tr Tr 97
12 0.020 0.0 21 23100 13 0.010.02Tr 0 98
02 0.0 1Tr 29 12 13* 1* 0.000.00 0.0 0 99
01 0.0TrTr 16 4 4Tr 0.00Tr 0.0 0 100
017 0.0 50.1 14 19646* 65* 0.000.00 0.0 0 101
01 0.0TrTr 1 134* 3* 0.000.00 0.0 0 102
813 0.072Tr121 53289* 39* 0.020.09Tr 1 103
Tr1 0.0 4Tr 6 314* 2*TrTr Tr Tr 104
011 0.0 4Tr 13 43331* 33* 0.000.00 0.0 0 105
01 0.0TrTr 1 219* 2* 0.000.00 0.0 0 106
1311 0.0266 0.1380 113 24 5 0.090.38 0.2 2 107
11 0.014Tr 19 6 1Tr Tr0.02Tr Tr 108
418 1.6106 0.9188 71115 31 0.030.15 0.2Tr 109
117 0.0103 0.2152 63153 41 0.030.16 0.2 1 110
2219 0.872 0.6164 50275 79 0.030.13 0.1Tr 111
2916 0.084 0.1131 53270 77 0.030.16 0.1Tr 112
915 0.092 0.1139 56109 31 0.040.17 0.1 1 113
722 0.7107 0.4179 50163 47 0.020.13 0.1 1 114
4517 0.087Tr118 41476 136 0.030.12 0.1 1 115
7819 0.0113 0.2152 52464 132 0.040.16 0.1 1 116
422 0.040 0.1 71 34 56 10 0.020.06Tr 2 117
3311 0.0291 0.1370 120 307 76 0.090.40 0.2 2 118
1812 0.0297 0.1377 122 500 139 0.100.40 0.2 2 119
1012 0.0300 0.1381 123 500 144 0.100.41 0.2 2 120
412 0.0302 0.1406 126 500 149 0.090.34 0.2 2 121
912 0.0285 0.1371 257 81 20 0.080.38 0.1 2 122
104166 0.0868 0.61,136 3891,004 248 0.281.27 0.6 8 123
7425 0.0657 0.5764 267 612 136 0.120.80 0.5 5 124
929 0.0741 0.7849 2941,004 300 0.120.79 0.4 3 125
8359 0.01,421 0.41,910 621 262 65 0.471.89 1.1 7 126
1235 0.0837 0.21,160 3731,612 483 0.281.19 0.6 4 127
3126 2.0280 0.6417 149 303 73 0.090.41 0.3 2 128
1726 1.3284 0.6422 151 500 143 0.090.41 0.3 2 129
726 1.3287 0.6426 152 500 148 0.100.42 0.3 2 130