Choles- Carbo- Total Potas- Ribo- Ascor-
terol hydrate dietary Calcium Iron sium Sodium Vitamin A Thiamin flavinNiacin bic acid Food
(mg) (g) fiber (g) (mg) (mg) (mg) (mg) (IU) (RE) (mg) (mg)(mg) (mg) No.
17036 0.3 80.4 46 510 0 0.020.02 0.190 32
030 0.220 0.5 62 55 35 2 0.050.06 0.173 33
029 0.0 80.4 13 15 3 0 0.010.01 0.185 34
029 0.318 0.8153 35 88 10 0.080.04 0.7115 35
030 0.313 0.7115 81,328 133 0.080.05 0.556 36
026 0.2 70.4 37 752 5 0.010.05Tr 10 37
029 0.029 0.1 319 0 0 0.00Tr 0.034 38
01 0.050 0.1 0 7 0 0 0.000.00 0.0 6 39
118 0.293 3.6251 1252,751 824 0.640.8610.7 32 40
3429 0.3384 3.8620 2443,058 901 0.731.2610.9 34 41
417 0.179 3.5203 852,222 668 0.620.7510.2 27 42
3428 0.0371 3.6572 2042,531 742 0.711.1410.4 29 43
025 0.020 0.2 69 86 5 0 0.080.01 1.9 1 44
01 0.0 0Tr 66 5 0 0 0.000.02 0.0 0 45
0Tr 0.0 40.1 16 236 4 0.020.01 0.0 0 46
0Tr 0.0 40.1 16 2 0 0 0.020.01 0.0 0 47
0Tr 0.0 5Tr 47 7 0 0 0.00Tr 0.1 0 48
022 0.0 50.1 49 8 0 0 0.000.05 0.1 0 49
01 0.0 50.1 40 24 0 0 0.000.01 0.1 0 50
00 0.0 5Tr 0 7 0 0 0.000.00 0.0 0 51
21 1 0.0150 0.1 73396 204 65 0.010.11 0.3 0 52
27Tr 0.0147 0.1 71320 351 96 0.010.19 0.2 0 53
30Tr 0.0204 0.2 28176 300 79 0.010.11Tr 0 54
18Tr 0.0123 0.1 17105 180 47 Tr0.06Tr 0 55
119 1 0.0815 0.8111 7011,197 314 0.030.42 0.1 0 56