Choles- Carbo- Total Potas- Ribo- Ascor-
terol hydrate dietary Calcium Iron sium Sodium Vitamin A Thiamin flavinNiacin bic acid Food
(mg) (g) fiber (g) (mg) (mg) (mg) (mg) (IU) (RE) (mg) (mg)(mg) (mg) No.
1934 6 0.0135 0.3190 911 367 108 0.050.37 0.3 0 57
31 6 0.0126 0.3177 850 342 101 0.040.34 0.3 0 58
2530 0.0108 0.2151 915 278 81 0.040.29 0.2 0 59
19 8 0.0155 0.4217 918 158 45 0.050.42 0.3 0 60
10 6 0.0138 0.3193 918 84 25 0.050.37 0.3 0 61
10 3 0.046 0.3 47 19 44 12 0.040.21 0.2 0 62
31 1 0.023 0.3 34 84405 108 Tr0.06Tr 0 63
16Tr 0.012 0.2 17 43207 55 Tr0.03Tr 0 64
81 0.017 0.3 25 44108 33 Tr0.04Tr 0 65
11 0.029Tr 25 85145 44 0.010.03Tr 0 66
25 1 0.0140 0.2 18316 127 36 0.040.24 0.3 0 67
61 0.0118 0.1 19174 66 18 Tr0.06Tr 0 68
22 1 0.0147 0.1 19106 225 68 Tr0.07Tr 0 69
15 1 0.0207 0.1 27150 199 54 0.010.10Tr 0 70
27Tr 0.0203 0.1 38178 318 90 Tr0.09Tr 0 71
22 1 0.021 0.1 32113 321 85 Tr0.06Tr 0 72
79 4 0.01,376 1.01071,862 701 173 0.050.39 0.3 0 73
4Tr 0.069Tr 593 35 9Tr0.02Tr 0 74
22 1 0.0390 0.3 30528 199 49 0.010.11 0.1 0 75
20 1 0.0214 0.1 39248 231 75 0.010.09Tr 0 76
124 7 0.0509 0.9257 2071,205 330 0.030.48 0.3 0 77
7613 0.0669 1.1308 3071,063 278 0.050.46 0.2 0 78
26 1 0.0272 Tr 31 74240 72 0.010.10Tr 0 79
27Tr 0.0174 0.1 46406 343 82 0.010.10Tr 0 80
23 0.0145 0.1 60321 308 92 0.010.10Tr 0 81
24 1 0.0219 0.2 61388 229 65 Tr0.08Tr 0 82
18 2 0.0163 0.2 79337 259 62 0.010.13Tr 0 83
16 2 0.0159 0.1 69381 223 54 0.010.12Tr 0 84
8910 0.0254 0.2314 981,050 259 0.080.36 0.2 2 85
61 0.016Tr 19 665 16 0.010.02Tr Tr 86
159 9 0.0231 0.1292 951,519 437 0.080.36 0.1 2 87
10 1 0.014Tr 18 695 27 Tr0.02Tr Tr 88
265 7 0.0166 0.1231 822,694 705 0.060.30 0.1 1 89
17Tr 0.010Tr 15 5169 44 Tr0.02Tr Tr 90
326 7 0.0154 0.1179 893,499 1,002 0.050.26 0.1 1 91
21Tr 0.010Tr 11 6221 63 Tr0.02Tr Tr 92
46 7 0.061Tr 88 78506 124 0.020.04Tr 0 93
2Tr 0.0 3Tr 4 425 6TrTr Tr 0 94