Choles- Carbo- Total Potas- Ribo- Ascor-
terol hydrate dietary Calcium Iron sium Sodium Vitamin A Thiamin flavinNiacin bic acid Food
(mg) (g) fiber (g) (mg) (mg) (mg) (mg) (IU) (RE) (mg) (mg)(mg) (mg) No.
2922 0 0.032 0.2327 69 69 20 0.100.16 3.1 0 244
74 0 0.0 60.5319 56178 54 0.180.15 5.7 0 245
135 0 0.011 0.9581 102 324 98 0.330.2710.3 0 246
47 0 0.0181 0.7277 471 47 14 0.020.16 5.6 0 247
20 0 0.0 90.7149 666 75 22 0.020.09 4.0 0 248
121 0 0.0325 2.5337 429 190 57 0.070.19 4.5 0 249
57 9 0.239 0.8310 432 70 20 0.040.10 1.4 2 250
45 3 0.098 2.6405 225 85 26 0.090.05 1.1 0 251
150 10 0.357 1.1191 292 161 48 0.110.12 2.6 1 252
80 5 0.230 0.6101 155 85 25 0.060.06 1.4 1 253
147 1 0.050 2.3179 144 51 15 0.020.03 2.3 2 254
43 0 0.0 50.9314 98116 35 0.040.1010.0 1 255
53 0 0.0 61.1391 122 145 43 0.050.1212.5 1 256
58 0 0.073 0.3375 36244 73 0.200.07 7.5 3 257
48 0 0.061 0.2313 30204 61 0.170.06 6.2 2 258
49 0 0.018 0.8484 40 58 17 0.430.0510.1 1 259
15 0 0.011 1.2176 301 66 20 0.030.1010.5 0 260
26 0 0.0 91.3201 287 48 14 0.030.0611.3 0 261
36 0 0.012 0.8201 320 16 5 0.010.04 4.9 0 262
2719 0.035 2.1365 824 199 55 0.060.1413.7 5 263
021 3.710 0.2159 073 7 0.020.02 0.1 8 264
016 2.1 40.1124 048 4 0.020.01 0.1 4 265
021 2.8 40.4144 28 0 0 0.000.05 0.3 1 266
029 0.217 0.9295 7 2 0 0.050.04 0.2 2 267
019 0.7 30.2 33 33 10 1 0.010.01Tr 1 268
051 3.110 0.9156 828 3 0.030.07 0.5 4 269
028 2.9 70.3183 571 7 0.030.06 0.5 3 270
04 0.8 50.2104 Tr914 91 0.010.01 0.2 4 271
055 4.123 0.8361 103,173 317 0.050.06 1.0 8 272
030 3.929 0.7403 104,126 412 0.040.05 0.812 273
022 3.216 1.6482 42,534 253 Tr0.05 1.0 1 274
036 1.518 1.0286 83,303 331 0.020.04 0.7137 275
013 4.4 50.0148 0 0 0 0.010.01 0.3 5 276
029 9.911 0.0333 0 0 0 0.020.03 0.610 277