Choles- Carbo- Total Potas- Ribo- Ascor-
terol hydrate dietary Calcium Iron sium Sodium Vitamin A Thiamin flavinNiacin bic acid Food
(mg) (g) fiber (g) (mg) (mg) (mg) (mg) (IU) (RE) (mg) (mg)(mg) (mg) No.
2792 0.013 0.1 19117 66 20 0.010.02Tr Tr 204
0Tr 0.0 1Tr 392 72 22 TrTr Tr Tr 205
0Tr 0.0 00.0 1Tr 0 0 0.000.00 0.0 0 206
00 0.0 00.0 0 0 0 0 0.000.00 0.0 0 207
00 0.0 00.0 0 0 0 0 0.000.00 0.0 0 208
69 7 0.637 1.2289 238 24 7 0.060.11 1.9 0 209
29 2 0.03911.9 267 48255 77 0.070.18 1.511 210
5Tr 0.0 72.0 46 844 13 0.010.03 0.3 2 211
8739 0.321 3.0266 834 122 37 0.210.26 2.9 0 212
57 4 0.07823.8 534 95485 145 0.130.36 2.919 213
107 8 0.0147 44.71,005 179 912 274 0.240.68 5.435 214
40 0 0.0 80.3439 77 27 9 0.020.04 2.1 3 215
42 0 0.0 80.3465 82 29 9 0.020.05 2.2 3 216
47 0 0.018 0.4449 185 39 12 0.070.07 2.1 1 217
71 0 0.079 1.03511,436 39 12 0.070.07 1.810 218
45 0 0.050 0.6223 911 25 8 0.050.05 1.1 6 219
17 9 0.011 0.3 77715 56 17 0.030.02 0.2 0 220
85 0 0.088 0.8275 237 5 2 0.090.04 2.8 3 221
120 0 0.0136 1.1505 450 7 3 0.110.11 1.8 4 222
90Tr 0.063 0.6194 198 151 49 0.050.05 1.7 2 223
3115 0.516 1.9291 484 35 11 0.100.10 1.9 0 224
31 7 0.0 60.2 73163 30 9 0.040.05 0.6 0 225
6414 0.011 0.4149 332 60 18 0.070.10 1.2 0 226
58 0 0.015 0.3292 89 32 9 0.070.10 1.9 0 227
86 0 0.023 0.4437 133 48 14 0.100.14 2.8 0 228
63 0 0.036 1.1339 74 54 16 0.030.04 3.9 0 229
111 0 0.063 2.0599 131 95 29 0.060.07 6.9 0 230
35 0 0.051 0.9490 59152 46 0.060.08 6.1 0 231
65 0 0.095 1.7916 110 285 86 0.110.1411.3 0 232
11 8 0.065 1.0 59740 732 219 0.030.12 2.8 0 233
61 1 0.052 0.3299 323 74 22 0.010.06 0.9 0 234
46 0 0.0116 1.0298 82 39 12 0.110.11 2.1 1 235
27 0 0.069 0.6175 48 23 7 0.070.07 1.2Tr 236
131 10 0.0112 16.5 387 523 248 74 0.250.24 3.4 9 237
45 3 0.038 5.6131 177 84 25 0.080.08 1.2 3 238
6910 0.253 5.9207 354 257 77 0.130.17 1.4 3 239
82 0 0.0 50.2329 99 65 20 0.060.06 1.4 0 240
58 0 0.0 40.2232 70 46 14 0.040.05 1.0 0 241
37 0 0.010 0.5442 65186 56 0.040.07 3.3 0 242
66 0 0.018 0.8775 115 326 98 0.070.13 5.8 0 243