Choles- Carbo- Total Potas- Ribo- Ascor-
terol hydrate dietary Calcium Iron sium Sodium Vitamin A Thiamin flavinNiacin bic acid Food
(mg) (g) fiber (g) (mg) (mg) (mg) (mg) (IU) (RE) (mg) (mg)(mg) (mg) No.
2500 0.024 0.0 341,143 4,107 919 0.010.03Tr Tr 162
00 0.0 30.0 4139 500 112 TrTr Tr Tr 163
00 0.0 10.0 148171 38 TrTr Tr Tr 164
00 0.048 0.0 682,276 8,178 1,830 0.020.06Tr Tr 165
00 0.0 10.0 148171 38 TrTr Tr Tr 166
01 0.041 0.0 592,226 8,285 1,854 0.010.05Tr Tr 167
0Tr 0.0 10.0 146171 38 TrTr Tr Tr 168
99 1 0.032 0.1 411,014 4,035 903 0.010.04Tr Tr 169
12Tr 0.0 4Tr 5127 507 113 TrTr Tr Tr 170
00 0.0 00.0 0 0 0 0 0.000.00 0.0 0 171
00 0.0 00.0 0 0 0 0 0.000.00 0.0 0 172
00 0.0 00.0 0 0 0 0 0.000.00 0.0 0 173
00 0.0 00.0 0 0 0 0 0.000.00 0.0 0 174
00 0.0Tr 0.8 0Tr 0 0 0.000.00 0.0 0 175
00 0.0Tr 0.1 0Tr 0 0 0.000.00 0.0 0 176
00 0.0Tr 0.1 Tr Tr 0 0 0.000.00 0.0 0 177
00 0.0TrTr Tr Tr 0 0 0.000.00 0.0 0 178
00 0.0 00.0 0 0 0 0 0.000.00 0.0 0 179
00 0.0 00.0 0 0 0 0 0.000.00 0.0 0 180
00 0.0 00.0 0 0 0 0 0.000.00 0.0 0 181
00 0.0 00.0 0 0 0 0 0.000.00 0.0 0 182
00 0.0 00.0 0 0 0 0 0.000.00 0.0 0 183
00 0.0 00.0 0 0 0 0 0.000.00 0.0 0 184
00 0.0 00.0 0 0 0 0 0.000.00 0.0 0 185
00 0.0 00.0 0 0 0 0 0.000.00 0.0 0 186
00 0.0 00.0 0 0 0 0 0.000.00 0.0 0 187
00 0.0 00.0 0 0 0 0 0.000.00 0.0 0 188
31 0.012Tr 6167 32 10 Tr0.02Tr Tr 189
TrTr 0.014 0.1 1184 2Tr Tr0.02Tr Tr 190
TrTr Tr 4Tr 4158 3Tr TrTr Tr 0 191
Tr3Tr 4Tr 4162 3Tr TrTr Tr 0 192
03 0.0 20.1 12214 203 20 TrTr Tr 0 193
04 0.0 20.1 13128 212 21 0.000.00 0.0 0 194
01 0.0 1Tr 2116 11 4TrTr Tr 0 195
11Tr TrTr 2118 0 0 0.000.00 0.0 0 196
8Tr 0.0 20.1 578 39 12 0.000.00Tr 0 197
01 0.0 00.0 10107 18 2 0.000.00 0.0 0 198
02 0.6 00.0 15190 0 0 0.000.00 0.0 0 199
32 0.0 30.1 24133 106 32 0.010.01 0.1 1 200
14Tr 30.1 26141 9 3TrTr Tr 1 201
42 0.0 20.1 18109 50 15 TrTr Tr 0 202
22 0.2 20.1 17153 49 15 TrTr Tr 0 203