Choles- Carbo- Total Potas- Ribo- Ascor-
terol hydrate dietary Calcium Iron sium Sodium Vitamin A Thiamin flavinNiacin bic acid Food
(mg) (g) fiber (g) (mg) (mg) (mg) (mg) (IU) (RE) (mg) (mg)(mg) (mg) No.
33038 0.323 0.6334 820 3 0.070.09 0.7Tr 308
096 0.628 0.8160 15 58 6 0.110.20 0.9179 309
032 0.310 0.3 53 520 3 0.040.07 0.360 310
011 2.620 0.3252 4133 14 0.020.04 0.474 311
05 1.615 0.3 80 117 2 0.020.01 0.131 312
04 0.2 3Tr 58 Tr 9 1 0.01Tr Tr 22 313
016 1.027 0.3249 51* 37 5 0.100.02 0.561 314
01 0.1 2Tr 16 3* 2Tr 0.01Tr Tr 4 315
03 0.2 3Tr 41 Tr 4Tr 0.01Tr Tr 11 316
016 1.030 0.6185 39* 39 5 0.080.01 0.416 317
01 0.1 2Tr 11 2* 2Tr TrTr Tr 1 318
035 3.721 0.3323 48,061 805 0.120.12 1.257 319
028 3.017 0.2257 36,425 642 0.100.09 1.046 320
06 0.6 80.1213 62,225 222 0.020.01 0.429 321
013 1.318 0.3494 145,158 515 0.060.03 0.968 322
015 1.010 0.1434 16 64 6 0.120.03 1.040 323
016 1.010 0.1461 17 68 7 0.130.03 1.042 324
061 4.818 0.7328 8805 80 0.040.09 1.0188 325
016 2.2 70.2288 01,001 101 0.020.06 1.3 7 326
015 3.152 0.1237 0269 28 0.110.05 0.470 327
021 4.372 0.2326 0369 38 0.160.07 0.596 328
026 0.527 0.5496 2496 50 0.220.07 1.0124 329
09 0.2 90.2172 1172 17 0.080.03 0.343 330
025 0.520 1.1436 5436 45 0.150.07 0.886 331
025 0.525 0.4473 2194 20 0.280.05 0.782 332
081 1.768 0.71,436 6588 60 0.600.14 1.5294 333
027 0.522 0.2473 2194 20 0.200.04 0.597 334
014 2.534 0.1360 4398 39 0.040.04 0.587 335
030 5.573 0.3781 9863 85 0.080.10 1.0188 336