Choles- Carbo- Total Potas- Ribo- Ascor-
terol hydrate dietary Calcium Iron sium Sodium Vitamin A Thiamin flavinNiacin bic acid Food
(mg) (g) fiber (g) (mg) (mg) (mg) (mg) (IU) (RE) (mg) (mg)(mg) (mg) No.
3102 1.4 30.3180 3174 17 0.030.03 0.5 2 278
03 1.5 30.2138 1174 17 0.030.03 0.5 2 279
028 2.8 70.4467 196 9 0.050.12 0.611 280
035 3.6 90.5594 2122 12 0.070.15 0.814 281
018 7.646 0.8282 0238 23 0.040.06 0.630 282
020 3.9 90.2129 9145 15 0.070.07 0.519 283
050 4.814 0.9138 2101 9 0.050.12 0.6 2 284
07 2.5 40.2148 2449 45 0.030.02 0.419 285
08 2.9 40.3176 2532 53 0.030.03 0.423 286
022 2.727 3.3239 171,840 183 0.040.10 0.4 5 287
011 1.610 0.3152 0146 14 0.030.04 0.3 5 288
021 0.4 80.2 78 13152 16 0.020.01 0.1 3 289
024 2.5 50.1 24 1 0 0 0.010.03Tr Tr 290
022 0.6 20.1 15 17 11 1 0.010.01 0.1 1 291
031 3.213 0.5274 121 2 0.040.04 0.9 0 292
0131 13.4 57 2.01,161 589 9 0.160.18 3.9 0 293
025 4.655 0.8271 451 5 0.030.03 0.3Tr 294
047 2.515 0.7218 15508 50 0.040.05 0.9 5 295
028 2.419 0.5225 9723 73 0.030.04 1.0 6 296
09 1.414 0.1159 0319 32 0.040.02 0.247 297
010 1.314 0.1175 012 1 0.040.02 0.339 298
039 1.036 1.0328 5 0 0 0.100.05 0.654 299
023 0.222 0.5400 21,087 109 0.100.05 0.594 300
023 0.222 0.5400 225 2 0.100.05 0.594 301
022 0.217 0.5378 217 2 0.100.05 0.672 302
028 0.320 0.9405 5 0 0 0.100.06 0.867 303
072 0.856 1.01,002 664 6 0.300.16 1.6248 304
024 0.220 0.3336 222 2 0.100.05 0.583 305
09 0.5 60.1 93 137 4 0.050.03 0.2 5 306
028 1.618 0.4296 3117 11 0.150.09 0.517 307