Choles- Carbo- Total Potas- Ribo- Ascor-
terol hydrate dietary Calcium Iron sium Sodium Vitamin A Thiamin flavinNiacin bic acid Food
(mg) (g) fiber (g) (mg) (mg) (mg) (mg) (IU) (RE) (mg) (mg)(mg) (mg) No.
39015 2.122 0.9 67215 0 0 0.100.10 1.0 0 405
015 2.121 0.9 66214 0 0 0.080.09 0.9 0 406
014 1.117 0.8 59101 0 0 0.090.10 0.9Tr 407
014 1.117 0.8 59102 Tr 0 0.070.09 0.8Tr 408
015 1.923 0.9 53211 2Tr 0.140.11 1.2Tr 409
013 1.519 0.7 44174 1 0 0.090.08 0.9Tr 410
09 2.817 0.7 23 93 1 0 0.080.06 0.6Tr 411
012 1.126 0.8 50133 0 0 0.100.07 1.0 0 412
012 1.226 0.8 50132 0 0 0.080.06 0.9 0 413
010 2.818 0.7 28118 0 0 0.100.07 0.9Tr 414
Tr12 0.627 0.8 30135 0 0 0.120.09 1.0 0 415
Tr12 0.626 0.7 29130 0 0 0.090.07 0.9 0 416
Tr22 1.049 1.4 54242 0 0 0.210.15 1.8 0 417
010 2.222 0.7 17104 1Tr 0.090.07 0.8Tr 418
013 1.920 0.9 71148 0 0 0.100.06 1.1 0 419
013 1.920 0.9 71148 0 0 0.080.05 1.0 0 420
078 2.6245 6.6239 931 1 0 0.830.47 7.4 0 421
021 0.764 1.7 63244 Tr 0 0.220.12 1.9 0 422
184 5.0119 3.83243,180 16 4 0.190.20 3.3Tr 423
022 2.932 1.1 74543 313 81 0.140.11 1.5 0 424
Tr28 0.849 4.5 922031,249 125 1.010.42 5.0 1 425
031 0.5 01.5 53 0 0 0 0.240.15 2.0 0 426
031 0.5 01.5 53 0145 15 0.240.15 2.0 0 427
021 1.2 88.2 38289 0 0 0.150.08 1.4 0 428
028 1.85010.3 43 3 0 0 0.250.00 1.5 0 429
027 1.25010.3 45139 0 0 0.240.00 1.4 0 430
021 0.420 8.1 382411,252 376 0.430.28 5.0 0 431
026 1.0 59.6 31 2 0 0 0.480.24 5.8 0 432
025 4.019 1.6131 237 5 0.260.05 0.3 0 433
018 3.0163 6.3 992851,510 453 0.530.28 5.5 0 434
026 2.5104 3.9106 1211,019 305 0.300.35 4.1Tr 435
031 2.6105 3.9112 2341,008 302 0.300.34 4.0 0 436
029 6.610 1.4187 5 0 0 0.020.05 1.3 0 437
023 9.7106 4.5342 61750 225 0.390.42 5.015 438
025 1.635 4.5 60150 750 225 0.380.43 5.015 439
027 0.6 34.5 32134 750 225 0.390.42 5.015 440