Choles- Carbo- Total Potas- Ribo- Ascor-
terol hydrate dietary Calcium Iron sium Sodium Vitamin A Thiamin flavinNiacin bic acid Food
(mg) (g) fiber (g) (mg) (mg) (mg) (mg) (IU) (RE) (mg) (mg)(mg) (mg) No.
41042 3.4310 4.5162 3231,250 375 0.370.42 5.015 441
026 0.266 4.5 24185 750 225 0.380.43 5.015 442
023 0.9 54.5 35208 36 4 0.380.42 5.0 0 443
022 0.6 74.5 37190 33 5 0.370.42 5.0Tr 444
022 0.8 34.5 62204 37 4 0.380.42 5.0 0 445
023 2.655 8.1 892841,250 375 0.380.43 5.015 446
026 0.5100 9.0 32289 0 0 0.380.00 5.0 6 447
026 0.4102 9.0 27224 0 0 0.380.44 5.0 6 448
041 6.49513.7 191 325 0 0 0.320.00 4.4 5 449
027 0.3104 9.0 36291 0 0 0.380.02 5.0 6 450
024 3.360 9.0116 269 0 0 0.230.04 3.0 4 451
040 3.0135 7.5113 220 16 2 0.630.71 8.4Tr 452
024 1.542 4.5 44210 750 225 0.380.43 5.015 453
027 0.4 41.8 60210 750 225 0.370.43 5.015 454
027 0.233 4.5 52181 0 0 0.380.43 5.015 455
026 0.8237 18.0 342031,250 375 1.501.7020.1 60 456
024 0.8 18.7 25298 700 210 0.360.39 4.714 457
028 0.4 21.9 23123 775 233 0.400.43 5.216 458
025 0.6 31.8 35240 750 225 0.380.44 5.015 459
023 4.614 8.1175 2261,208 363 0.380.44 5.015 460
026 0.6 34.2 32141 703 211 0.390.42 5.014 461
028 0.6 14.5 20200 750 225 0.370.43 5.015 462
042 5.51814.3 170 2 0 0 0.360.41 5.0 0 463
045 5.9 015.4 186 2 0 0 0.330.39 4.7 0 464
026 0.914 4.5 53275 750 225 0.380.43 5.015 465
026 1.5 84.5 56211 750 225 0.380.43 5.015 466
024 1.620 4.5 85259 750 225 0.380.43 5.015 467
043 4.272 4.5171 239 0 0 0.370.42 5.0 9 468
026 0.844 8.1 412631,250 375 0.380.43 5.015 469
025 2.098 9.0 79174 12 1 0.400.45 5.3 0 470
025 1.232 4.5 54203 750 225 0.380.43 5.015 471
036 3.541 1.7183 89 0 0 0.170.06 0.6 0 472
136 3.739 1.7214 11 4 1 0.140.09 0.8Tr 473
140 3.030 1.3169 129 9 1 0.150.06 0.9Tr 474
025 1.0 318.0 41216 750 225 1.501.7120.0 60 475
013 0.2 14.4 16 Tr 0 0 0.360.25 4.9 0 476
010 0.5 33.8 42 Tr 0 0 0.310.22 4.2 0 477
043 5.0238 18.0 287 2401,250 375 1.501.7020.0 0 478
047 8.235 5.0437 354 832 250 0.430.49 5.6 0 479
041 5.174 4.5218 246 0 0 0.370.42 5.0 0 480
023 0.421 4.5 62177 750 225 0.380.43 5.015 481
029 0.4 32.0 42354 825 248 0.430.46 5.517 482