Choles- Carbo- Total Potas- Ribo- Ascor-
terol hydrate dietary Calcium Iron sium Sodium Vitamin A Thiamin flavinNiacin bic acid Food
(mg) (g) fiber (g) (mg) (mg) (mg) (mg) (IU) (RE) (mg) (mg)(mg) (mg) No.
35011 2.0 50.1193 0524 53 0.020.04 1.0 6 337
019 3.4 90.2335 0910 92 0.030.07 1.711 338
052 3.4 80.7241 16870 86 0.030.06 1.6 7 339
020 1.3 30.3 90 6325 32 0.010.02 0.6 3 340
029 3.215 0.7317 10945 94 0.020.04 1.4 9 341
011 1.3 60.3125 4373 37 0.010.02 0.6 4 342
024 3.211 1.6388 3844 84 Tr0.08 1.7 2 343
060 4.5 80.9325 15710 70 0.030.09 1.6236 344
025 4.018 0.4208 033 3 0.030.07 0.2 7 345
051 4.313 0.6173 13 0 0 0.030.06 0.6 3 346
015 1.2 40.2 49 4 0 0 0.010.02 0.2 1 347
032 4.022 0.7238 10 15 2 0.030.03 0.5 4 348
010 1.2 70.2 73 3 5 1 0.010.01 0.2 1 349
019 1.911 0.6175 236 3 0.140.06 0.724 350
051 2.036 1.0264 336 3 0.230.06 0.719 351
010 0.4 70.2 51 Tr 7Tr 0.040.01 0.1 4 352
039 2.035 0.7304 295 10 0.240.05 0.724 353
07 0.4 70.1 57 Tr 18 2 0.040.01 0.1 4 354
034 0.543 0.7335 313 0 0.140.06 0.627 355
057 4.1 51.1893 72,017 202 0.090.10 1.233 356
048 3.5 30.9716 81,400 140 0.070.08 1.217 357
09 1.0 30.1114 0213 21 0.030.06 0.3 6 358
060 2.623 2.2235 49668 67 0.040.10 0.8 1 359
011 0.5 40.4 42 9119 12 0.010.02 0.1Tr 360
038 2.525 0.9388 32,543 255 0.060.15 1.2 7 361
07 0.5 50.2 71 Tr464 46 0.010.03 0.2 1 362
026 3.021 1.0313 2835 84 0.030.07 0.8 1 363
070 16.4 57 2.8828 5759 77 0.060.25 1.8 7 364
045 2.631 3.0707 10 8 0 0.040.18 2.010 365
0115 5.871 3.01,089 17 12 1 0.230.13 1.2 5 366
011 0.6 70.3105 2 1Tr 0.020.01 0.1Tr 367
014 8.427 0.7187 0160 16 0.040.11 1.131 368
065 11.0 38 1.6285 3150 15 0.050.11 0.641 369
075 4.8348 0.5230 2166 17 0.040.06 0.5 8 370