Choles- Carbo- Total Potas- Ribo- Ascor-
terol hydrate dietary Calcium Iron sium Sodium Vitamin A Thiamin flavinNiacin bic acid Food
(mg) (g) fiber (g) (mg) (mg) (mg) (mg) (IU) (RE) (mg) (mg)(mg) (mg) No.
43026 0.3 21.8 19190 750 225 0.390.42 5.015 483
038 5.320 1.4196 3 0NA 0.120.05 2.6 0 484
024 0.9 31.8 42 51750 225 0.380.43 5.015 485
022 1.0 58.7 55250 750 225 0.530.59 7.015 486
Tr39 3.327 4.5185 166 500 150 0.370.42 5.0 6 487
024 2.6258 18.0 971991,250 375 1.501.7020.1 60 488
026 0.732 4.5 18197 750 225 0.380.43 5.015 489
024 2.155 8.1104 222 750 225 0.380.43 5.015 490
1036 1.216 1.3 83175 39 3 0.140.12 1.0 0 491
022 1.017 0.7 89 90 1Tr 0.030.04 0.3Tr 492
016 0.8 30.3 69 21 0 0 0.020.03 0.2 0 493
085 12.0 49 4.9692 13 0 0 0.500.23 7.4 0 494
033 4.512 1.3148 7 0 0 0.070.07 1.6 0 495
0106 25.6 49 3.4574 24 0 0 0.320.16 7.2 0 496
034 8.218 1.7124 9 0 0 0.100.05 1.8 0 497
029 0.142 0.1 68255 0 0 0.050.10 0.1 0 498
037 0.669 0.6 41279 6 1 0.060.12 0.6 0 499
5551 1.557 1.5133 299 133 38 0.130.20 1.1Tr 500
2436 0.753 2.1325 242 36 10 0.140.12 1.3Tr 501
2558 0.9138 1.7129 367 291 75 0.180.18 1.4 1 502
232 0.8133 1.7 69329 47 12 0.200.18 1.7Tr 503
107 36 0.426 1.0 89144 163 49 0.100.19 0.8 0 504
171 1.1101 1.3111 318 43 12 0.140.21 1.2Tr 505
142 0.696 1.1 70242 41 12 0.140.18 1.1Tr 506
016 0.439 0.1 26210 0 0 0.030.14 0.2 0 507
3439 1.321 0.3 36132 74 21 0.380.25 0.2Tr 508
2735 1.828 1.4128 214 54 16 0.020.09 0.4Tr 509
2029 1.334 1.2 77221 70 21 0.130.14 1.1Tr 510
226 1.614 0.9 66116 9 2 0.020.04 0.3Tr 511
6214 0.110 0.4 33111 170 44 0.040.06 0.4 0 512
017 0.312 0.6 31 95 27 8 0.040.08 0.2 0 513