Choles- Carbo- Total Potas- Ribo- Ascor-
terol hydrate dietary Calcium Iron sium Sodium Vitamin A Thiamin flavinNiacin bic acid Food
(mg) (g) fiber (g) (mg) (mg) (mg) (mg) (IU) (RE) (mg) (mg)(mg) (mg) No.
3701 0.4 30.1 30 Tr 5 1Tr0.01Tr 10 371
01 0.3 2Tr 20 Tr 3Tr Tr0.01Tr 7 372
012 3.823 0.6276 245 5 0.030.11 0.494 373
066 4.828 1.5250 861 5 0.040.13 1.0106 374
09 1.912 0.1132 1773 77 0.090.02 0.126 375
041 1.818 0.9197 152,117 212 0.130.11 1.150 376
030 0.545 0.5443 21,046 105 0.150.05 0.255 377
021 1.423 0.5332 61,047 106 0.230.06 0.627 378
011 0.812 0.3176 3556 56 0.120.03 0.315 379
038 1.653 2.5 72379 0 0 0.380.22 3.2 0 380
048 2.066 3.2 90475 0 0 0.480.28 4.1 0 381
039 1.613 2.7105 229 52 0 0.270.20 2.2Tr 382
049 2.017 3.4132 287 65 0 0.340.25 2.7 1 383
1738 1.6 92.8 48359 77 23 0.380.17 2.4Tr 384
2147 2.012 3.5 61449 97 29 0.480.21 3.1 1 385
2633 0.713 0.8 80181 278 72 0.100.12 0.9 1 386
0155 31.2 58 5.0560 18 44 4 0.380.23 9.2 0 387
044 6.017 2.1146 511 2 0.130.10 3.2 0 388
227 0.9141 1.7 73348 49 14 0.210.19 1.8Tr 389
345 1.5237 2.9122 586 83 23 0.360.31 3.0Tr 390
013 0.4 50.7 42325 0 0 0.090.06 0.8 0 391
012 0.4 40.6 39305 0 0 0.090.05 0.7 0 392
012 1.411 0.7 44135 0 0 0.090.06 0.9 0 393
2019 0.937 1.2 46197 30 9 0.180.17 1.9 0 394
013 0.819 0.6 28152 0 0 0.130.08 1.2 0 395
048 1.6210 3.2 67626 0 0 0.390.27 3.3 0 396
085 2.9373 5.81181,112 0 0 0.690.49 5.8 0 397
010 0.516 0.6 22117 0 0 0.090.06 0.9 0 398
012 1.724 0.9 53127 0 0 0.110.09 1.1Tr 399
012 1.624 0.9 53127 0 0 0.080.08 1.0Tr 400
013 1.118 0.7 38162 4 1 0.110.06 0.8 0 401
013 1.118 0.7 39163 4 1 0.090.06 0.8Tr 402
016 0.624 0.7 34150 0 0 0.170.09 1.3 0 403
033 1.352 1.6 72322 0 0 0.360.20 2.8 0 404