Choles- Carbo- Total Potas- Ribo- Ascor-
terol hydrate dietary Calcium Iron sium Sodium Vitamin A Thiamin flavinNiacin bic acid Food
(mg) (g) fiber (g) (mg) (mg) (mg) (mg) (IU) (RE) (mg) (mg)(mg) (mg) No.
45930 0.437 1.7 61213 9 3 0.110.15 1.2 0 514
029 1.815 0.7 96178 0 0 0.020.06 0.3 0 515
727 0.219 0.5 37155 7 2 0.070.06 0.5Tr 516
3118 0.221 0.8 30 73 46 14 0.070.08 0.6 0 517
3535 1.224 1.3114 216 70 21 0.080.10 0.8 0 518
3538 0.240 0.7 34220 40 12 0.060.04 0.3 0 519
4420 0.341 0.5 72166 438 117 0.020.15 0.2Tr 520
115 0.316 0.7 47298 75 10 0.070.10 0.9Tr 521
018 1.610 7.0 76288 41 4 0.440.14 4.813 522
63Tr 10.1 618 34 8 0.020.02 0.2 0 523
07 0.3 30.3 14 32 Tr 0 0.020.03 0.3 0 524
07 0.4 20.3 12 38 Tr 0 0.030.03 0.3 0 525
718 0.4 70.7 52 60 15 4 0.040.05 0.5 0 526
59 0.4 60.4 36 58102 26 0.030.03 0.2Tr 527
012 0.3 50.4 18 28 TrNA 0.010.03 0.2Tr 528
011 0.710 0.5 33 56 5 1 0.030.03 0.3Tr 529
011 0.111 1.0 52 69 0 0 0.050.04 0.5 0 530
024 0.324 2.1111 147 0 0 0.110.08 1.0 0 531
017 0.7 90.6 36 96 5 1 0.070.06 0.6Tr 532
110 0.414 0.4 20 52 5 1 0.030.03 0.3Tr 533
09 0.8 40.2 23 33 0 0 0.020.03 0.1 0 534
510 0.515 0.4 36 81 96 25 0.040.02 0.2Tr 535
Tr9 0.3 50.4 25 62 1Tr 0.030.03 0.6 0 536
612 0.4 80.4 46104 120 31 0.040.04 0.7Tr 537
07 0.3 30.4 18 60 Tr 0 0.010.02 0.2 0 538
011 0.2 40.3 14 52 0 0 0.040.04 0.4 0 539
07 0.2 30.2 935 0 0 0.030.02 0.3 0 540
25 0.1 30.2 836 7 1 0.030.03 0.3 0 541
58 0.3 40.3 10 39 Tr Tr 0.040.03 0.3 0 542
011 0.2 80.5 15 55 1Tr 0.050.03 0.4Tr 543