Choles- Carbo- Total Potas- Ribo- Ascor-
terol hydrate dietary Calcium Iron sium Sodium Vitamin A Thiamin flavinNiacin bic acid Food
(mg) (g) fiber (g) (mg) (mg) (mg) (mg) (IU) (RE) (mg) (mg)(mg) (mg) No.
51040 1.913 0.5 76311 145 35 0.030.03 0.3 4 610
041 1.2 90.4 59380 164 40 0.010.04 0.4 3 611
047 0.914 0.6 95288 329 63 0.030.03 0.2 1 612
638 2.341 1.2144 154 0 0 0.040.12 0.8 0 613
3631 1.984 0.8182 348 114 28 0.090.15 0.4 1 614
5153 1.463 0.7101 165 198 59 0.070.24 0.7 4 615
3665 4.019 1.2 84479 198 53 0.100.14 0.3 1 616
2230 2.965 0.9168 3073,743 405 0.060.17 0.2 1 617
058 3.611 1.7122 327 90 19 0.230.17 1.9 3 618
049 3.610 1.8 74272 62 6 0.220.19 1.8 1 619
069 3.518 3.3139 344 736 86 0.270.23 2.3 2 620
6750 0.715 1.3 83307 203 56 0.150.20 1.2 4 621
106 64 2.239 1.8162 320 410 109 0.230.22 1.0Tr 622
6541 2.9146 2.0288 34911,833 1,212 0.140.31 1.2 3 623
055 3.328 1.6 83479 220 22 0.180.14 1.8 2 624
06 1.2 10.2 24 Tr 16 2 0.020.02 0.2 0 625
06 1.1 10.3 25 97 17 2 0.010.01 0.2Tr 626
034 1.628 1.6149 124 27 3 0.020.05 0.8 0 627
228 1.815 0.6 38 73 18 4 0.020.02 0.8 0 628
16 1.112 0.2 29 98 27 5 0.010.03 0.2Tr 629
08 0.3 10.2 33 29 7 1 0.010.02 0.6 0 630
02 0.1 10.1 451 0 0 0.010.02 0.2 0 631
048 1.922 2.6 881,029 0 0 0.280.37 3.2 0 632
013 0.5 60.7 23274 0 0 0.070.10 0.8 0 633
045 3.520 0.8 84 10 0 0 0.190.05 3.0 0 634
0148 2.452 8.0213 9 0 0 1.070.09 7.8 0 635
045 0.616 1.9 55 2 0 0 0.260.02 2.3 0 636
035 1.013 1.0 7 5 0 0 0.120.08 1.5 0 637
0151 3.1111 6.6222 9 0 0 1.100.13 6.7 0 638
043 0.733 2.0 65 5 0 0 0.440.03 2.5 0 639
035 3.0 51.0166 5 0 0 0.090.14 2.1 0 640
07 0.4 10.1 26 29 4Tr 0.010.01 0.7 0 641
018 0.1 10.5 977200 60 0.150.18 2.0 0 642
Tr14 0.833 0.9 37146 0 0 0.140.09 1.1Tr 643
022 1.260 1.4 61241 0 0 0.210.13 1.7Tr 644
030 1.354 1.9 62310 0 0 0.270.19 2.4 0 645
040 2.410 2.0 43 1 0 0 0.290.14 2.3 0 646
037 6.321 1.5 62 4 0 0 0.150.06 1.0 0 647
4031 1.443 1.0 67230 129 38 0.190.16 1.4 1 648
017 0.610 0.8 19250 1 0 0.120.07 1.1Tr 649