Choles- Carbo- Total Potas- Ribo- Ascor-
terol hydrate dietary Calcium Iron sium Sodium Vitamin A Thiamin flavinNiacin bic acid Food
(mg) (g) fiber (g) (mg) (mg) (mg) (mg) (IU) (RE) (mg) (mg)(mg) (mg) No.
5308 1.021 0.3 24 49 0 0 0.030.01 0.2 0 650
0135 1.430 2.4 17 2 0 0 0.010.00 0.0 0 651
034 0.517 2.0 57212 493 112 0.190.29 2.3Tr 652
037 0.620 1.8 82203 500 NA 0.160.16 2.0 0 653
037 1.114 1.8 58218 501 2 0.150.19 2.0Tr 654
040 0.823 1.8 34131 494 49 0.150.29 2.0 2 655
018 1.844 0.4 56150 56 6 0.020.05 0.4 0 656
011 0.722 0.2 37 57 52 6 0.030.04 0.1Tr 657
118 1.542 0.4 61201 105 12 0.040.05 0.4 1 658
120 1.445 0.5 77284 108 12 0.060.08 0.1Tr 659
012 1.446 0.4 40 42 0 0 0.030.02 0.4 0 660
018 1.140 1.1 42153 0 0 0.170.09 1.1 0 661
5225 0.7191 1.7119 383 171 49 0.200.26 1.6Tr 662
813 0.877 1.5 42260 400 120 0.130.16 1.5 0 663
915 0.420 1.9 50155 506 NA 0.310.26 2.6 0 664
088 3.117 5.3123 2 0 0 0.900.57 6.8 0 665
095 3.419 5.8134 3 0 0 0.980.62 7.4 0 666
099 3.321 6.0137 3 0 0 1.110.7010.3 0 667
0107 2.31910.0 144 3 0 0 1.220.59 9.3 0 668
093 3.4423 5.81551,588 0 0 0.840.52 7.3 0 669
087 14.6 41 4.7486 6 0 0 0.540.26 7.6 0 670
03 0.9 30.6 66 Tr 0 0 0.120.06 0.4Tr 671
019 11.2236 4.1692 110 1 0.230.77 3.7 0 672
06 3.370 1.2206 Tr 3Tr 0.070.23 1.1 0 673
041 15.0 46 3.6611 210 2 0.420.10 0.9 0 674
037 12.4120 3.8692 4 2 0 0.280.10 1.2 2 675
040 13.1 50 5.2713 4 0 0 0.280.10 1.0 2 676
039 13.2 32 4.5955 4 0 0 0.300.10 0.8 0 677
048 11.6127 4.5670 2 4 0 0.370.11 1.0 2 678
044 14.7 82 4.5800 3 3 0 0.320.16 0.7 4 679
052 12.7127 0.77521,008 434 43 0.390.15 1.1 8 680
1640 17.9124 4.56091,114 399 39 0.150.15 2.3 6 681
1849 12.1142 8.37591,113 314 30 0.130.12 1.3 8 682
1853 13.2154 4.2673 850 288 28 0.120.15 0.9 8 683
040 16.4 61 3.2658 873 0 0 0.270.23 1.2 3 684
036 11.6 51 4.4530 810 0 0 0.130.08 0.6 0 685
057 12.6191 7.81,189 13 0 0 0.250.10 0.3 0 686