Choles- Carbo- Total Potas- Ribo- Ascor-
terol hydrate dietary Calcium Iron sium Sodium Vitamin A Thiamin flavinNiacin bic acid Food
(mg) (g) fiber (g) (mg) (mg) (mg) (mg) (IU) (RE) (mg) (mg)(mg) (mg) No.
47810 0.1 30.3 954 14 4 0.030.03 0.4Tr 544
510 0.114 0.3 24 70 6 2 0.030.02 0.4 0 545
48 0.210 0.3 11 69135 35 0.040.04 0.3Tr 546
23 0.1 20.1 412 1Tr 0.010.01 0.1 0 547
016 1.436 0.4 40179 27 3 0.010.04 0.3 0 548
016 1.537 0.4 67216 173 17 0.020.06 0.5Tr 549
3729 1.444 1.1 77467 123 26 0.150.16 1.2Tr 550
2628 1.9162 1.6 96428 180 35 0.190.19 1.5Tr 551
094 8.9 74.2350 43572 57 0.470.25 4.4 0 552
0107 10.2 75.7224 4570 57 0.990.56 6.9 0 553
0103 9.8483 6.52351,860 570 57 0.940.53 6.3 0 554
07 0.1TrTr Tr 1 0 0 0.000.00 0.0 0 555
0134 8.742 1.9287 17 0 0 0.280.13 6.0 0 556
036 2.213 0.6 91 8 0 0 0.100.04 1.5 0 557
16 0.215 0.5 15100 16 3 0.060.04 0.5 0 558
011 0.4 30.5 19 85 0 0 0.030.04 0.6 0 559
065 2.420 3.1113 508 0 0 0.190.26 3.5 0 560
015 1.319 0.7 40166 0 0 0.080.05 0.8 0 561
09 2.5 40.7 54 87 1 0 0.050.03 0.2Tr 562
09 0.414 0.6 15156 0 0 0.070.06 0.6 0 563
032 1.454 2.4 58586 0 0 0.250.21 2.4 0 564
Tr4 0.118 0.2 30 98 5 1 0.030.05 0.3Tr 565
Tr4 0.2 60.2 17 69 22 2 0.030.02 0.5Tr 566
038 1.074 2.2 82525 0 0 0.250.21 2.5 0 567
07 0.214 0.4 16102 0 0 0.050.04 0.5 0 568
05 0.4 40.4 15 64 0 0 0.040.03 0.4 0 569
011 1.7 80.5 48105 0 0 0.030.02 0.7 0 570
3826 1.521 1.2 67424 424 106 0.220.14 1.2Tr 571
325 2.038 1.1 72495 16 4 0.200.17 1.9 0 572
1126 0.725 1.1 70320 104 32 0.130.18 1.4Tr 573
8134 1.333 1.3 59251 53 16 0.190.16 1.4 3 574
57 0.2 60.3 18 76 8 2 0.030.03 0.3Tr 575
1723 0.721 0.9 60257 27 8 0.100.11 0.9Tr 576
16 0.2 60.3 14 44 2 1 0.050.03 0.4Tr 577
427 0.726 1.2 65205 8 2 0.220.13 1.7Tr 578
127 24 0.663 1.2117 337 718 191 0.120.27 0.8Tr 579
026 1.599 1.4 75264 0 0 0.250.16 2.2 0 580
026 1.598 1.4 74262 0 0 0.200.14 2.0Tr 581