Choles- Carbo- Total Potas- Ribo- Ascor-
terol hydrate dietary Calcium Iron sium Sodium Vitamin A Thiamin flavinNiacin bic acid Food
(mg) (g) fiber (g) (mg) (mg) (mg) (mg) (IU) (RE) (mg) (mg)(mg) (mg) No.
497516 0.765 1.1 87311 315 86 0.130.21 1.1Tr 582
4819 0.763 1.3 79292 110 32 0.160.22 1.6Tr 583
018 1.517 0.8 95 83 43 4 0.070.03 0.4Tr 584
Tr20 1.426 0.7 96 77 12 1 0.060.04 0.3 0 585
Tr19 1.229 0.7103 80 0 0 0.070.05 0.3 0 586
315 0.831 0.4 96 55 37 10 0.030.06 0.9Tr 587
040 1.810 2.0 43 1 0 0 0.290.14 2.3 0 588
024 0.9 40.9 32 1 0 0 0.110.08 1.1 0 589
1727 1.532 0.9 70255 19 5 0.080.07 0.6 1 590
2324 0.613 0.6 39219 39 11 0.070.16 1.1 1 591
2123 1.1108 1.3 70251 80 22 0.160.16 1.3 1 592
319 2.813 1.0 60179 58 16 0.070.10 0.8 0 593
1529 1.942 1.6 39297 119 21 0.160.19 1.2 0 594
3125 1.238 1.0 66398 105 23 0.120.14 1.1Tr 595
028 2.636 2.4289 224 0 0 0.150.05 0.2 0 596
026 1.8 92.1 54198 38 4 0.260.19 2.7 0 597
5340 1.819 2.5 45 11 32 10 0.300.13 2.4 0 598
5339 3.730 1.7 59 19165 22 0.390.20 2.4 0 599
027 0.815 1.8 73110 750 227 0.370.41 5.0 0 600
062 14.5 55 5.1532 4 0 0 1.100.21 0.9 0 601
025 5.722 1.9201 2 0 0 0.350.07 0.3 0 602
015 3.715 0.7 93117 1 0 0.090.04 0.9Tr 603
316 0.622 1.3 26183 36 10 0.140.17 1.4Tr 604
514 0.548 0.6 67239 12 3 0.080.08 0.7Tr 605
2711 0.782 0.5 76192 95 27 0.080.12 0.5Tr 606
086 3.018 5.2121 976 0 0 0.700.50 6.0 0 607
062 1.326 2.8139 815 0 0 0.350.48 3.1 0 608
0156 3.650 5.22101,365 1,876 483 0.250.42 5.1 0 609