Choles- Carbo- Total Potas- Ribo- Ascor-
terol hydrate dietary Calcium Iron sium Sodium Vitamin A Thiamin flavinNiacin bic acid Food
(mg) (g) fiber (g) (mg) (mg) (mg) (mg) (IU) (RE) (mg) (mg)(mg) (mg) No.
5702 0.3131 1.2143 6 6 1 0.080.08Tr Tr 728
02 0.2133 1.3144 10 8 1 0.060.04 0.6Tr 729
08 2.922 1.2272 250 0 0 0.030.08 2.3Tr 730
07 2.620 1.1241 221 0 0 0.030.07 2.0Tr 731
03 1.464 1.3 62 17 10 1 0.180.07 0.8 0 732
016 8.0125 3.5529 249 5 0.410.18 2.3 2 733
04 1.929 0.8125 112 1 0.100.04 0.5Tr 734
88 0 0.011 2.6196 54 0 0 0.060.20 2.1 0 735
90 0 0.011 3.1224 60 0 0 0.070.24 2.3 0 736
82 0 0.0 52.7240 43 0 0 0.060.20 3.2 0 737
82 0 0.0 42.9262 43 0 0 0.060.22 3.5 0 738
71 0 0.0 62.0266 60 0 0 0.050.23 4.2 0 739
74 0 0.0 91.8256 65 0 0 0.040.18 4.4 0 740
77 0 0.0 92.1248 71 0 0 0.030.16 4.9 0 741
410 7 0.0 95.3309 9030,689 9,120 0.183.5212.3 20 742
71 0 0.0 92.0256 54 0 0 0.060.14 2.9 0 743
68 0 0.0 92.4318 61 0 0 0.070.18 3.5 0 744
61 0 0.0 51.6308 50 0 0 0.070.14 3.0 0 745
59 0 0.0 41.7336 53 0 0 0.080.14 3.2 0 746
77 0 0.0 92.6311 54 0 0 0.090.23 3.3 0 747
76 0 0.0 92.9343 56 0 0 0.110.25 3.6 0 748
73 0 0.010 1.8116 855 0 0 0.020.12 2.1 0 749
12Tr 0.0 21.3126 984 0 0 0.020.06 1.5 0 750
102 0 0.021 2.0260 61 0 0 0.060.21 5.7 0 751
103 0 0.022 2.3287 65 0 0 0.060.23 5.4 0 752
85 0 0.017 1.5278 65 0 0 0.090.21 6.0 0 753
81 0 0.016 1.7320 71 0 0 0.090.24 5.8 0 754