Choles- Carbo- Total Potas- Ribo- Ascor-
terol hydrate dietary Calcium Iron sium Sodium Vitamin A Thiamin flavinNiacin bic acid Food
(mg) (g) fiber (g) (mg) (mg) (mg) (mg) (IU) (RE) (mg) (mg)(mg) (mg) No.
5979 0 0.0 91.7266 56 0 0 0.090.23 5.6 0 755
76 0 0.0 71.8287 58 0 0 0.090.25 5.4 0 756
82 0 0.019 1.4230 62 0 0 0.080.18 5.7 0 757
75 0 0.018 1.5268 69 0 0 0.080.20 5.2 0 758
16Tr 0.0 20.3 92303 0 0 0.130.05 1.4 0 759
27 1 0.0 50.4181 719 0 0 0.380.09 3.2 0 760
53 0 0.0 60.72431,009 0 0 0.510.19 3.8 0 761
47 0 0.0 60.82691,128 0 0 0.580.22 4.3 0 762
35Tr 0.0 60.9298 908 0 0 0.820.21 4.3 0 763
70 0 0.028 0.7304 49 8 3 0.910.24 4.5Tr 764
70 0 0.026 0.7319 51 7 2 0.980.26 4.7Tr 765
78 0 0.023 0.8361 68 7 2 0.970.26 4.8 1 766
78 0 0.020 0.8382 73 7 2 1.060.28 5.1 1 767
80 0 0.012 0.9299 51 9 3 0.540.27 3.9Tr 768
80 0 0.0 61.0317 54 8 3 0.590.30 4.2Tr 769
62 0 0.024 0.8358 39 5 2 0.620.26 5.2Tr 770
60 0 0.022 0.8371 40 5 2 0.640.27 5.5Tr 771
100 0 0.038 1.2268 86 8 3 0.360.17 3.0Tr 772
74 0 0.025 1.0279 50 7 2 0.430.22 3.3 1 773
103 0 0.040 1.6272 79 9 3 0.350.32 4.7 0 774
93 0 0.015 1.4314 75 8 3 0.460.26 4.4Tr 775
97 0 0.0 71.7344 87 7 2 0.510.31 5.0Tr 776
31 2 0.0 70.9103 581 0 0 0.100.08 1.5 0 777
89 2 0.0 55.3113 6528,009 2,405 0.140.87 4.8 0 778
18 1 0.0 30.3 49209 0 0 0.090.04 0.9 0 779
43 1 0.0 00.4321 539 0 0 0.150.10 1.818 780
40 1 0.0 00.4233 758 0 0 0.180.10 2.0 0 781
43 1 0.0 00.7352 539 0 0 0.100.12 2.018 782