Choles- Carbo- Total Potas- Ribo- Ascor-
terol hydrate dietary Calcium Iron sium Sodium Vitamin A Thiamin flavinNiacin bic acid Food
(mg) (g) fiber (g) (mg) (mg) (mg) (mg) (IU) (RE) (mg) (mg)(mg) (mg) No.
63302 41 0.9155 4.03201,141 635 164 0.500.45 3.6 0 808
215 24NA 151 2.2201 889 472 120 0.350.34 2.2 2 809
2029NA 70 1.8116 319 155 43 0.260.21 2.5 3 810
1945NA 22 1.4110 333 86 24 0.290.21 1.8 2 811
234 27 1.5151 2.4199 729 586 156 0.490.45 3.3 2 812
116 36NA 73 1.9177 513 473 146 0.580.50 3.9Tr 813
7558 2.778 3.0127 499 45 13 0.230.25 3.0 0 814
916NA 70.5267 290 18 3 0.080.01 1.1 5 815
5891NA 128 2.62511,104 281 70 0.390.56 3.4 3 816
1427NA 107 1.1248 583 625 119 0.110.35 1.8 1 817
2433NA 53 2.5329 670 319 32 0.270.42 2.7 1 818
6035NA 171 3.43351,051 398 65 0.350.28 8.1 2 819
3727NA 111 2.4223 616 462 94 0.250.23 3.7 2 820
110 22NA 233 3.4308 636 332 79 0.250.37 6.0 0 821
8044NA 224 3.7285 891 277 66 0.340.38 6.0 0 822
5032NA 141 2.4164 500 153 37 0.400.40 3.7 0 823
8838NA 206 4.74451,108 613 129 0.390.46 7.4 8 824
111 37NA 162 4.73321,043 406 80 0.310.41 6.6 2 825
6039NA 60 4.7353 957 100 31 0.330.24 6.8 9 826
6115 0.014 0.9305 513 0 0 0.120.16 7.5 0 827
134 22NA 68 5.26911,007 1,662 167 0.131.14 2.5 2 828
943NA 63 4.5586 910 146 16 0.490.64 5.8 5 829
513NA 34 0.7177 267 338 50 0.040.03 0.1 8 830
2824 0.1153 0.2169 92211 52 0.050.26 0.3 1 831
055 3.328 1.6 83479 35 4 0.180.14 1.8 2 832
2148 0.0207 0.6395 182 221 57 0.060.30 1.1 2 833
4429NA 324 1.3240 7841,161 186 0.080.42 1.9 1 834
6848NA 185 3.5353 939 432 97 0.460.42 4.2 3 835
034 3.012 0.7586 168 0 0 0.070.03 2.410 836
053 4.719 1.0923 265 0 0 0.110.05 3.816 837
067 5.924 1.31,164 335 0 0 0.140.07 4.820 838
3729NA 189 2.2605 882 456 70 0.130.33 1.5 2 839