Choles- Carbo- Total Potas- Ribo- Ascor-
terol hydrate dietary Calcium Iron sium Sodium Vitamin A Thiamin flavinNiacin bic acid Food
(mg) (g) fiber (g) (mg) (mg) (mg) (mg) (IU) (RE) (mg) (mg)(mg) (mg) No.
55036 11.2 41 4.3478 726 3 0.350.09 0.9 1 687
033 7.948 2.3413 718 31 2 0.180.18 0.8 6 688
04 1.550 1.0170 1 0 0 0.280.03 0.5Tr 689
092 41.0358 3.0852 36 14 1 0.050.47 2.0Tr 690
09 0.913 1.7160 181 0 0 0.060.06 0.4 0 691
037 4.953 5.3689 814 0 0 0.550.23 2.3 0 692
08 1.112 1.2150 177 0 0 0.120.05 0.5 0 693
076 7.341 1.3847 334 3 0.350.25 1.937 694
045 12.5 80 4.7477 11 44 5 0.190.10 0.9 2 695
054 10.6 77 3.2413 718 58 5 0.070.08 0.3 9 696
07 4.1 61.1160 9 0 0 0.030.01 0.2 1 697
012 7.211 1.9285 16 0 0 0.050.02 0.4 3 698
044 4.214 1.8313 244 0 0 0.030.02 0.4 1 699
019 11.2131 5.4782 046 5 0.740.13 2.1 7 700
05 2.732 1.3193 011 1 0.180.03 0.5 2 701
02 0.8 50.3 32 53 4Tr 0.030.01 0.1 0 702
040 15.6 38 6.6731 416 2 0.330.14 2.1 3 703
017 10.7 94 3.6486 355 0 0 0.950.12 3.0 1 704
04 2.320 0.8103 75 0 0 0.200.02 0.6Tr 705
07 2.620 1.0169 190 4Tr 0.060.06 1.3Tr 706
06 2.631 0.9165 185 5 1 0.140.06 1.4Tr 707
06 2.315 0.6187 230 0 0 0.120.03 3.8 0 708
031 11.7 79 3.3961 9 0 0 0.640.1419.7 0 709
06 2.315 0.6187 2 0 0 0.120.03 3.8 0 710
027 13.2127 2.6982 624 0 0 0.360.1620.6 0 711
05 2.625 0.5193 123 0 0 0.070.03 4.0 0 712
03 0.9 60.3107 75 0 0 0.010.02 2.1 0 713
03 1.1 70.3120 78 0 0 0.020.02 2.2 0 714
06 0.9 60.3120 97 0 0 0.050.01 2.6 0 715
041 16.3 27 2.5710 414 2 0.370.11 1.7 1 716
015 10.4 76 2.7443 083 9 0.710.14 1.3 1 717
04 2.720 0.7116 022 2 0.190.04 0.3Tr 718
04 1.3 72.6170 1 8 1 0.230.05 1.0 1 719
01 0.4 20.8 52 Tr 2Tr 0.070.02 0.3Tr 720
08 2.931 1.2293 121 151 15 0.240.04 0.4 1 721
04 1.112 4.2229 163 108 11 0.060.09 0.5 1 722
2039 13.4 88 4.2673 753 0 0 0.070.04 0.815 723
01 0.910 0.6 33 3 5 1 0.060.01 0.4 0 724
017 10.3175 8.8886 215 2 0.270.49 0.7 3 725
077 14.9182 7.545110,029 239 25 0.270.69 2.4 0 726
04 3.210 1.4345 29 78 7 0.390.17 0.4 0 727