Choles- Carbo- Total Potas- Ribo- Ascor-
terol hydrate dietary Calcium Iron sium Sodium Vitamin A Thiamin flavinNiacin bic acid Food
(mg) (g) fiber (g) (mg) (mg) (mg) (mg) (IU) (RE) (mg) (mg)(mg) (mg) No.
6111 0 0.0 10.2 67288 0 0 0.130.04 0.8 0 783
32 2 0.0 40.6189 751 0 0 0.490.14 3.0 0 784
27 1 0.0 40.4200 815 0 0 0.530.13 2.8 0 785
23 1 0.0 50.5 75504 0 0 0.090.05 1.2 0 786
27 1 0.0 90.6 75462 0 0 0.020.05 1.1 0 787
22Tr 0.0 80.3 94336 0 0 0.190.07 1.2 1 788
22Tr 0.0 90.3 97349 0 0 0.200.07 1.2 1 789
37 1 0.0 71.5113 607 0 0 0.140.21 2.0 0 790
16 1 0.0 20.3 76372 0 0 0.120.06 1.0 0 791
62Tr 20.1 17152 13 1 0.030.02 0.3 0 792
8Tr 0.0 20.1 16152 0 0 0.010.02 0.3 0 793
114 0 0.0 71.1326 57 0 0 0.050.30 9.0 0 794
94 0 0.0 90.8251 78 0 0 0.040.23 5.9 0 795
1433 4.646 2.7365 444 514 50 0.280.16 3.158 796
3716 3.528 1.6404 9473,860 494 0.170.14 2.910 797
4143 1.733 2.1256 8572,285 343 0.250.36 4.1 2 798
2424 8.267 3.36081,032 884 93 0.150.15 2.1 1 799
829 3.0113 2.01231,058 713 NA 0.280.25 2.5 0 800
07 5.179 6.4178 476 0 0 9.920.35 3.0 0 801
08 4.387 2.9434 383 0 0 0.260.55 4.1 0 802
2031 6.828 2.34161,053 920 93 0.190.16 3.3 8 803
1743 5.151 3.5408 473 492 48 0.353.77 0.515 804
839 7.840 2.8305 963 932 58 0.350.28 4.510 805
184 3NA 230 1.3201 7633,461 675 0.090.30 0.5 3 806
3438 1.5123 1.2 72279 50 13 0.250.25 2.2 0 807