Choles- Carbo- Total Potas- Ribo- Ascor-
terol hydrate dietary Calcium Iron sium Sodium Vitamin A Thiamin flavinNiacin bic acid Food
(mg) (g) fiber (g) (mg) (mg) (mg) (mg) (IU) (RE) (mg) (mg)(mg) (mg) No.
65103 39NA 92 5.5527 742 54 4 0.340.41 6.7 1 840
3034 2.3126 2.7251 534 74 10 0.290.24 3.9 2 841
122 40NA 102 5.9570 791 102 11 0.360.38 7.6 1 842
8740NA 96 4.9480 824 312 33 0.410.37 7.3 3 843
4418NA 24 2.3143 670 0 0 0.240.27 3.6Tr 844
5131NA 19 3.3166 480 58 6 0.220.40 3.7 3 845
7956NA 102 6.2263 973 207 37 0.280.70 4.2 0 846
135 35NA 69 1.4188 965 94 27 0.000.02 2.0 0 847
213NA 17 0.4235 182 33 8 0.070.04 1.0Tr 848
1836NA 272 1.3172 816 559 92 0.190.37 1.5 1 849
1431NA 73 0.8129 430 8 1 0.080.10 0.9 1 850
921NA 117 0.6110 336 382 74 0.180.16 2.5 1 851
2121NA 101 1.5179 382 524 101 0.210.17 2.0 2 852
1420NA 65 0.9153 267 282 55 0.130.23 3.0 2 853
5133NA 54 4.2316 792 210 21 0.380.31 5.9 2 854
72 4NA 37 1.1447 209 935 96 0.110.13 5.917 855
98 5NA 100 0.7371 119 822 115 0.090.17 1.010 856
4368 2.7376 1.0666 323 310 77 0.190.82 0.5 1 857
3760 1.3406 0.3579 273 433 107 0.150.61 0.6 3 858
200 40NA 84 3.01841,446 120 36 0.210.90 0.0 0 859
3651NA 189 2.53941,651 424 80 1.000.80 5.512 860
7344NA 41 2.8330 845 413 50 0.410.41 6.0 6 861
4955NA 74 2.63351,293 187 41 0.460.3311.3 4 862
5627NA 221 2.4474 802 855 147 0.150.44 3.2 2 863
8741NA 339 3.77291,233 1,315 226 0.240.68 4.9 3 864
4424NA 192 2.3416 762 588 77 0.100.36 2.5 4 865
7430NA 189 2.5491 8711,276 173 0.090.50 2.9 4 866
2016NA 212 0.8326 401 879 109 0.070.29 1.0 2 867