Choles- Carbo- Total Potas- Ribo- Ascor-
terol hydrate dietary Calcium Iron sium Sodium Vitamin A Thiamin flavinNiacin bic acid Food
(mg) (g) fiber (g) (mg) (mg) (mg) (mg) (IU) (RE) (mg) (mg)(mg) (mg) No.
67119 13 0.428 1.8281 385 94 28 0.160.2014.7 0 868
62 6 0.212 1.0134 194 62 19 0.080.15 3.7 0 869
80 8 0.315 1.2165 248 82 25 0.100.20 4.9 0 870
39 5 0.110 0.6 68157 55 17 0.050.07 2.6 0 871
87 2 0.116 1.2254 74 49 15 0.080.1313.5 0 872
44 1Tr 60.7112 44 41 12 0.040.11 3.0 0 873
82 2 0.015 1.3215 82 67 20 0.080.21 6.0 0 874
77Tr 0.014 1.0224 69 26 8 0.060.1111.4 0 875
73 0 0.013 0.9220 64 18 5 0.060.1011.8 0 876
41 0 0.0 50.6108 42 26 8 0.030.10 2.7 0 877
49 0 0.0 60.7124 46 34 10 0.040.12 3.4 0 878
116 0 0.018 2.0283 109 157 46 0.160.39 9.0 0 879
570 1 0.017 9.3229 8410,775 3,232 0.131.38 5.912 880
126 Tr 0.0 31.7 28 103,275 983 0.030.35 0.9 3 881
14 0 0.0 80.5 25 12 22 6 0.010.05 0.7 0 882
197 0 0.027 6.0557 144 170 51 0.571.0411.3 0 883
72 0 0.027 2.0247 67 0 0 0.050.21 3.1 0 884
59 0 0.016 1.1259 54 0 0 0.050.11 5.8 0 885
106 0 0.035 2.5417 98 0 0 0.090.25 7.6 0 886
84 0 0.021 1.6221 88 0 0 0.040.14 4.0 0 887
130 0 0.032 2.5343 136 0 0 0.070.21 6.1 0 888
606 3 0.019 9.7290 868,752 2,603 0.071.31 6.5 2 889
185 0 0.056 3.5226 85 0 0 0.050.29 2.6 0 890
88 0 0.020 2.2196 714 166 48 0.020.18 9.0 3 891
45 3 0.043 0.9 38617 59 17 0.030.05 1.4 0 892
28 1 0.024 0.5129 331 46 14 0.040.07 3.0 0 893