Choles- Carbo- Total Potas- Ribo- Ascor-
terol hydrate dietary Calcium Iron sium Sodium Vitamin A Thiamin flavinNiacin bic acid Food
(mg) (g) fiber (g) (mg) (mg) (mg) (mg) (IU) (RE) (mg) (mg)(mg) (mg) No.
7111 0.0 40.1 271,019 3Tr Tr0.01 0.3 0 926
221 4.155 0.62603,493 8 1 0.110.24 2.0 1 927
10 9 0.3 50.5 33578 15 5 0.200.08 1.1 0 928
05 1.012 0.1 64849 2 0 0.030.06 0.5Tr 929
03 0.019 0.6444 475 0 0 0.080.22 2.1 0 930
78 0.0 70.5252 343 0 0 0.080.20 3.8Tr 931
20 0.0 7Tr336 363 0 0 0.080.18 2.8Tr 932
9213 0.2756 0.93451,198 1,473 389 0.110.59 0.5 1 933
1823 0.5295 0.8390 8851,383 138 0.170.46 1.0 2 934
02 0.2 30.1 28130 139 14 TrTr 0.1 1 935
18 4 0.3116 0.1 19522 199 40 Tr0.07Tr Tr 936
Tr7 0.4 50.2 19258 2Tr Tr0.03 0.2Tr 937
20 3 0.5118 0.2 20492 128 32 Tr0.08Tr Tr 938
0Tr 0.1TrTr 7124 14 1TrTr Tr 4 939
01 0.3 50.2 34 69 96 10 0.010.01 0.1 2 940
01 0.1 30.3 64871 0 0 0.010.03 0.4 0 941
021 4.055 1.87381,030 938 95 0.140.10 2.720 942
03Tr 50.3 41690 0 0 0.010.01 0.2 0 943
017 4.014 0.5252 910 462 46 0.060.05 1.111 944
03 0.018 0.9136 167 18 2 0.010.02 0.1 2 945
23 0.2 30.4 47325 0 0 0.020.02 0.4 0 946
13 0.212 0.3 65346 221 67 0.010.03 0.3 0 947
13 4 0.4 40.3 48236 0 0 0.100.04 0.7Tr 948
03 0.2 40.4 64342 0 0 0.020.04 0.4 0 949
13 0.2 20.4 65346 0 0 0.010.05 0.8 0 950
Tr5 0.2 20.1 27 14 0 0 0.01Tr 0.2 0 951
18 0.114Tr 22 25 3 1Tr0.02Tr Tr 952
06Tr 2Tr 7 6 1Tr Tr0.01Tr Tr 953
116 1.186 0.4179 30 7 2 0.030.05 0.3Tr 954
1026 1.584 0.6169 36 81 24 0.030.13 0.1Tr 955
822 2.592 0.7182 30 30 6 0.020.18 0.3Tr 956
425 1.753 0.6219 73 70 18 0.080.12 1.6Tr 957
629 1.174 0.2151 59 30 9 0.150.25 1.7Tr 958
3799 5.7321 2.3647 138 311 92 0.130.51 0.5 1 959
0106 9.954 5.3613 18 35 3 0.090.15 0.7 0 960
36101 0.0338 0.4486 153 60 2 0.110.48 1.3 1 961
420 1.942 0.5201 16 0 0 0.050.07 1.7 0 962
Tr7 0.4 90.2 51 4 4 1 0.010.02Tr Tr 963
022 1.0 50.2 46114 33 3 0.010.03Tr 16 964