Choles- Carbo- Total Potas- Ribo- Ascor-
terol hydrate dietary Calcium Iron sium Sodium Vitamin A Thiamin flavinNiacin bic acid Food
(mg) (g) fiber (g) (mg) (mg) (mg) (mg) (IU) (RE) (mg) (mg)(mg) (mg) No.
6926 7 0.020 1.3 87787 60 18 0.030.18 2.6 0 894
4010 0.3 91.4176 512 24 7 0.060.12 1.5 0 895
45 3 0.0 41.4253 578 0 0 0.040.14 5.3 0 896
2217 1.5186 1.5300 992 164 40 0.070.24 1.0 3 897
2715 0.2181 0.72731,047 714 94 0.070.26 0.9 1 898
2015 0.5179 0.6270 918 154 37 0.080.28 0.9 2 899
1722 2.7159 1.8449 744 848 109 0.130.25 1.568 900
323 8.681 2.0402 951 888 89 0.090.03 0.6 2 901
02 0.010 0.5154 636 0 0 0.020.03 0.7 1 902
59 0.715 1.1100 952 630 63 0.070.06 1.1Tr 903
79 0.717 0.8 551,106 711 72 0.050.06 1.4Tr 904
77 0.717 0.7101 815 660 65 0.020.02 1.1Tr 905
212 1.527 1.6188 578 964 98 0.030.04 0.8 4 906
10 9 0.234 0.6 88986 561 56 0.030.06 0.8Tr 907
29 0.546 0.5100 881 0 0 0.050.09 0.7 1 908
211 1.034 0.9313 9112,338 234 0.050.04 0.9 1 909
027 2.828 2.0190 918 203 20 0.110.07 1.2 2 910
017 0.512 1.8264 695 688 68 0.090.05 1.466 911
510 0.517 1.1173 7911,891 190 0.040.05 1.0 2 912
012 0.522 1.1210 8223,005 301 0.050.05 0.9 1 913
2227 11.2 78 3.2425 9723,951 396 0.150.15 1.7 4 914
1917 3.824 1.4108 8501,222 122 0.070.17 4.3 0 915
1719NA 26 1.53671,068 5,990 600 0.040.17 3.3 6 916
019 1.255 1.63961,010 5,878 588 0.070.06 1.2 6 917
01 0.019 0.6204 554 0 0Tr0.03 1.6 1 918
19 9 1.219 1.1209 460 920 95 0.110.11 3.4 1 919
1414 0.722 1.0422 4822,010 202 0.050.13 5.0 2 920
1712 0.724 1.2275 4591,644 165 0.120.07 2.6 1 921
520 1.217 0.9283 529 244 59 0.050.09 0.9 5 922
020 5.641 2.7336 443 951 94 0.110.09 0.7 1 923
020 1.239 1.7306 4701,357 135 0.150.08 1.0 1 924
513 1.431 1.5290 4663,196 319 0.080.07 1.8 1 925