Choles- Carbo- Total Potas- Ribo- Ascor-
terol hydrate dietary Calcium Iron sium Sodium Vitamin A Thiamin flavinNiacin bic acid Food
(mg) (g) fiber (g) (mg) (mg) (mg) (mg) (IU) (RE) (mg) (mg)(mg) (mg) No.
8103 0.817 0.2176 288 8 0.020.01 0.1 3 1105
07 2.039 0.4414 6207 20 0.060.03 0.3 8 1106
03 0.815 0.3150 2224 22 0.020.02 0.2 6 1107
08 2.442 0.8433 6647 63 0.070.07 0.716 1108
07 3.0147 1.9244 4612,285 1,229 0.140.18 0.519 1109
0Tr Tr 20.1 7 177 8TrTr Tr 1 1110
07 2.5 60.3246 363 6 0.080.02 0.6 1 1111
02 1.626 0.4157 111,025 103 0.040.04 0.2 3 1112
01 0.1 50.1 12 1 0 0 0.01Tr Tr 1 1113
02 0.819 1.0 58141 0 0Tr0.02 0.1 3 1114
026 2.421 5.1644 630 3 0.300.09 2.0 6 1115
07 2.694 1.2296 309,620 962 0.070.09 0.753 1116
07 2.6179 1.2417 208,260 826 0.060.15 0.933 1117
011 1.841 0.7561 35 58 7 0.070.03 0.689 1118
08 1.031 1.1 90 10 48 5 0.030.02 0.2 4 1119
0Tr 0.1 2Tr 19 Tr 73 7TrTr Tr 1 1120
04 1.652 0.5419 81,581 158 0.100.10 0.513 1121
0Tr 0.1 2Tr 13 126 3TrTr Tr Tr 1122
011 7.5102 2.7852 491,779 178 0.250.16 1.021 1123
01 0.810 0.3 87 5182 18 0.030.02 0.1 2 1124
0Tr 0.2 70.1 26 1190 19 0.010.01Tr 2 1125
02 1.138 0.8148 51,064 106 0.030.04 0.210 1126
0Tr 0.2 40.1 29 1260 26 0.010.01 0.1 2 1127
01 1.020 0.6162 41,456 146 0.060.06 0.313 1128
03 0.8 40.7259 3 0 0 0.060.30 2.8 2 1129
08 3.4 92.7555 3 0 0 0.110.47 7.0 6 1130
08 3.717 1.2201 663 0 0 0.130.03 2.5 0 1131
021 3.0 40.6170 6 0 0 0.050.25 2.2Tr 1132
03 0.4Tr 0.1 55 Tr 0 0 0.010.05 0.5Tr 1133
03 2.8104 1.0283 224,243 424 0.060.09 0.635 1134
012 4.0101 0.7515 8920 93 0.210.09 1.426 1135
011 5.2177 1.2431 6946 94 0.180.23 1.422 1136
014 2.932 0.4251 5 0 0 0.070.03 0.210 1137
09 2.022 0.2173 3 0 0 0.050.02 0.2 7 1138
01 0.3 3Tr 22 Tr 0 0 0.01Tr Tr 1 1139