Choles- Carbo- Total Potas- Ribo- Ascor-
terol hydrate dietary Calcium Iron sium Sodium Vitamin A Thiamin flavinNiacin bic acid Food
(mg) (g) fiber (g) (mg) (mg) (mg) (mg) (IU) (RE) (mg) (mg)(mg) (mg) No.
79014 4.156 1.9495 331,122 112 0.170.12 0.997 1070
013 6.437 1.1504 36913 91 0.160.18 0.871 1071
04 1.633 0.4172 13 93 9 0.040.03 0.223 1072
07 3.547 0.3146 12198 20 0.090.08 0.430 1073
03 2.7158 1.8631 584,366 437 0.050.11 0.744 1074
03 3.238 0.4268 111,151 115 0.050.05 0.619 1075
04 1.436 0.3144 828 3 0.040.02 0.240 1076
04 2.225 0.3161 20700 70 0.050.02 0.222 1077
022 1.957 1.1689 6825,833 2,584 0.220.13 0.920 1078
07 2.219 0.4233 2520,253 2,025 0.070.04 0.7 7 1079
011 3.330 0.6355 3930,942 3,094 0.110.06 1.010 1080
01 0.2 20.1 28 41,501 150 Tr0.01 0.1 1 1081
016 5.148 1.0354 10338,304 3,830 0.050.09 0.8 4 1082
012 5.141 0.7231 8625,845 2,584 0.040.05 0.6 4 1083
08 2.237 0.9261 35320,110 2,010 0.030.04 0.8 4 1084
01 0.3 30.1 39 4 2Tr 0.010.01 0.1 6 1085
05 2.522 0.4303 30 19 2 0.060.06 0.546 1086
05 3.320 0.4176 19 21 2 0.050.06 0.555 1087
02 1.5 90.2 77 8 9 1 0.020.03 0.224 1088
07 4.931 0.7250 32 40 4 0.070.10 0.656 1089
01 0.716 0.2115 35 54 5 0.020.02 0.1 3 1090
04 2.048 0.5344 104 161 16 0.060.05 0.4 8 1091
02 0.616 0.2108 35 50 5 0.020.02 0.1 2 1092
06 2.463 0.6426 137 198 20 0.060.07 0.5 9 1093
0Tr 0.1 3Tr 9Tr131 13 TrTr Tr 2 1094
0Tr Tr 1Tr 8 198 10 TrTr Tr 1 1095
1015 1.854 0.7217 28762 98 0.080.07 0.339 1096
09 5.3226 0.9494 175,945 595 0.080.20 1.135 1097
012 4.8357 1.9427 8510,168 1,017 0.080.20 1.145 1098
019 2.2 20.5192 13167 17 0.170.06 1.2 5 1099
014 1.8 20.4158 3133* 13* 0.110.04 1.0 3 1100
032 3.9 70.6241 8361* 36* 0.140.12 2.1 5 1101
046 3.1 81.0343 730 248* 26* 0.060.14 2.512 1102
041 4.211 0.9391 571 506* 50* 0.090.15 2.517 1103
019 2.1 20.5192 13 0 0 0.170.06 1.2 5 1104