Choles- Carbo- Total Potas- Ribo- Ascor-
terol hydrate dietary Calcium Iron sium Sodium Vitamin A Thiamin flavinNiacin bic acid Food
(mg) (g) fiber (g) (mg) (mg) (mg) (mg) (IU) (RE) (mg) (mg)(mg) (mg) No.
75017 Tr 10.1 11 1 0 0 0.000.01Tr Tr 1004
0279 0.720 1.4176 14 0 0 0.000.13 0.4 2 1005
014 0.2 40.1 15 6 2Tr 0.00Tr Tr 2 1006
010 0.2 30.1 11 4 2Tr 0.00Tr Tr 1 1007
013 0.2 2Tr 12 5 3Tr TrTr Tr Tr 1008
010 0.1 1Tr 9 4 2Tr TrTr Tr Tr 1009
928 0.6153 0.4247 417 253 56 0.050.21 0.1 1 1010
1028 0.4160 0.5240 149 253 68 0.050.21 0.2 1 1011
928 0.0146 0.1185 406 241 64 0.050.20 0.1 1 1012
1026 0.0153 0.1193 224 252 70 0.040.20 0.1 1 1013
326 1.1102 0.6203 146 41 12 0.030.18 0.4 2 1014
125 0.159 0.3 68 96129 40 0.020.08 0.2 1 1015
122 0.195 0.3110 180 0 0 0.020.11 0.4 1 1016
825 0.199 0.1128 153 24 7 0.020.16 0.3 0 1017
223 0.989 0.6235 192 174 52 0.020.12 0.1Tr 1018
123 0.176 0.2 99251 121 36 0.020.09 0.1Tr 1019
124 0.186Tr123 241 174 52 0.020.10 0.1Tr 1020
0214 0.0187 4.2761 86 0 0 0.020.02 0.2 0 1021
0141 0.0123 2.8502 57 0 0 0.010.01 0.1 0 1022
09 0.0 80.2 31 4 0 0TrTr Tr 0 1023
06 0.0TrTr Tr Tr 0 0 0.00Tr 0.0 0 1024
04 0.0TrTr Tr Tr 0 0 0.00Tr 0.0 0 1025
0200 0.0 20.1 4 2 0 0 0.000.04 0.0 0 1026
08 0.0TrTr Tr Tr 0 0 0.000.00 0.0 0 1027
0119 0.0 10.1 2 1 0 0 0.000.00 0.0 0 1028
012 0.3 30.4 43 14 6 1Tr0.01 0.1Tr 1029
Tr12 0.515 0.2 69 66 3 1 0.010.04 0.1Tr 1030
015 0.0 1Tr 124 0 0TrTr Tr 0 1031
013 0.013 0.2 41 2 0 0TrTr Tr 0 1032
012 0.0172 3.5498 11 0 0 0.010.01 0.2 0 1033
0199 0.02,821 57.48,174 180 0 0 0.110.17 3.5 0 1034
015 0.0TrTr Tr 17 0 0TrTr Tr 0 1035
07 0.0TrTr Tr 30 0 0TrTr Tr 0 1036