Choles- Carbo- Total Potas- Ribo- Ascor-
terol hydrate dietary Calcium Iron sium Sodium Vitamin A Thiamin flavinNiacin bic acid Food
(mg) (g) fiber (g) (mg) (mg) (mg) (mg) (IU) (RE) (mg) (mg)(mg) (mg) No.
7701 0.811 0.3 26 251 5 0.030.04 0.2 3 1037
019 9.176 2.2595 160 297 30 0.110.11 1.717 1038
013 6.554 1.5425 114 212 22 0.080.08 1.212 1039
08 2.936 1.3288 20970 97 0.220.23 1.919 1040
03 1.012 0.4 96 7323 32 0.070.08 0.6 6 1041
09 2.941 1.2392 71,472 148 0.120.19 1.944 1042
03 1.014 0.4131 2491 49 0.040.06 0.615 1043
06 3.939 4.4416 6951,285 128 0.150.24 2.345 1044
02 1.212 1.3124 207 382 38 0.040.07 0.713 1045
04 1.810 0.4105 910 1 0.030.03 0.2 1 1046
032 9.937 2.3694 90323 32 0.130.10 1.822 1047
035 10.8 50 3.5740 52301 31 0.130.10 1.410 1048
010 4.058 1.6374 4833 84 0.090.12 0.812 1049
010 4.158 1.6374 4101 10 0.090.12 0.812 1050
09 4.166 1.2170 12541 54 0.050.12 0.5 6 1051
09 4.166 1.2170 12151 15 0.050.12 0.5 6 1052
06 2.635 1.2147 354 471 47 0.020.08 0.3 6 1053
06 1.835 1.2147 339 142 15 0.020.08 0.3 6 1054
06 1.914 0.9155 622 2 0.090.13 0.814 1055
05 1.515 0.8125 12 17 1 0.060.13 1.014 1056
017 3.427 1.3519 131 60 7 0.050.07 0.6 6 1057
05 1.0 80.4153 39 18 2 0.010.02 0.2 2 1058
012 2.926 3.1252 330 19 2 0.020.07 0.3 7 1059
02 0.4 40.4 36 47 3Tr Tr0.01Tr 1 1060
08 4.2164 2.71,309 3477,344 734 0.170.42 0.736 1061
034 8.3211 1.8690 71,305 130 0.170.24 2.3 4 1062
040 10.9 39 3.6638 9128 14 0.440.11 1.2 4 1063
05 2.642 0.8286 241,357 136 0.060.10 0.682 1064
02 0.915 0.3101 8478 48 0.020.04 0.229 1065
01 0.3 50.1 36 3330 33 0.010.01 0.110 1066
08 4.572 1.3456 412,165 217 0.090.18 0.9116 1067
02 1.117 0.3108 10514 51 0.020.04 0.228 1068
010 5.594 1.1331 443,481 348 0.100.15 0.874 1069