Choles- Carbo- Total Potas- Ribo- Ascor-
terol hydrate dietary Calcium Iron sium Sodium Vitamin A Thiamin flavinNiacin bic acid Food
(mg) (g) fiber (g) (mg) (mg) (mg) (mg) (IU) (RE) (mg) (mg)(mg) (mg) No.
83021 2.946 0.5349 6 0 0 0.090.05 0.311 1140
010 1.321 0.2156 3 0 0 0.040.02 0.2 5 1141
04 0.513 0.1 81 1 0 0 0.030.01Tr 4 1142
07 2.672 1.5276 16385 39 0.060.08 0.519 1143
01 0.411 0.2 41 258 6 0.010.01 0.1 3 1144
023 0.819 1.0 77225 135 14 0.170.08 2.2 1 1145
01 0.314 0.6 55 6520 52 0.010.01 0.113 1146
030 6.258 0.9573 16 0 0 0.130.08 1.120 1147
011 4.567 3.2384 6210 21 0.200.12 0.977 1148
014 5.094 3.8347 8267 27 0.100.19 0.935 1149
021 7.034 1.6294 4281,306 131 0.210.13 1.216 1150
023 8.838 2.5269 1391,069 107 0.450.16 2.416 1151
04 0.7 80.5153 3347 35 0.040.04 0.4109 1152
04 0.7 80.5153 34,838 484 0.040.04 0.4109 1153
01 0.7 60.5 50434 442 44 0.010.01 0.1 3 1154
010 2.713 0.7264 3942 94 0.100.04 0.8133 1155
01 0.2 1Tr 18 Tr 63 6 0.01Tr 0.1 9 1156
08 2.111 0.5211 2752 75 0.080.04 0.6106 1157
010 3.013 0.7264 38,493 849 0.100.04 0.8283 1158
08 2.411 0.5211 26,783 678 0.080.04 0.6226 1159
09 1.612 0.6226 3805 80 0.080.04 0.6101 1160
09 1.612 0.6226 35,114 511 0.080.04 0.6233 1161
01 0.2 10.2 19 2319 32 Tr0.01 0.110 1162
051 4.820 2.7844 16 0 0 0.220.07 3.326 1163
034 2.3 80.5610 8 0 0 0.160.03 2.220 1164
027 4.620 4.1332 12 0 0 0.070.06 1.8 8 1165
027 2.4 70.4515 5 0 0 0.140.03 2.018 1166
027 2.411 0.4443 7 0 0 0.130.03 1.810 1167
031 2.812 0.5512 8 0 0 0.150.03 2.012 2268
3731 2.2203 0.85371,076 522 76 0.050.20 2.3 8 1169
5628 4.4292 1.69701,061 647 93 0.160.28 2.424 1170
016 1.6 40.6209 15 0 0 0.060.01 1.0 5 1171