Choles- Carbo- Total Potas- Ribo- Ascor-
terol hydrate dietary Calcium Iron sium Sodium Vitamin A Thiamin flavinNiacin bic acid Food
(mg) (g) fiber (g) (mg) (mg) (mg) (mg) (IU) (RE) (mg) (mg)(mg) (mg) No.
87829 2.527 1.2198 744,398 440 0.020.04 0.4 7 1202
050 5.933 1.9378 7614,028 1,403 0.050.07 0.721 1203
054 4.656 2.3796 13520,357 2,035 0.090.15 1.967 1204
02 0.6 20.2 91 Tr 39 4 0.010.01 0.6 4 1205
08 2.0 90.8400 161,121 112 0.110.09 1.134 1206
01 0.2 10.1 44 2125 12 0.010.01 0.1 4 1207
01 0.2 10.1 38 2106 11 0.010.01 0.1 3 1208
06 1.4 60.6273 11766 76 0.070.06 0.823 1209
010 2.472 1.3530 3551,428 144 0.110.07 1.834 1210
01 0.2 20.2 69 42 17 2 0.010.01 0.2 1 1211
01 0.2 10.1 47 839 4 0.010.01 0.1 3 1212
010 1.022 1.4535 8771,351 136 0.110.08 1.644 1213
051 10.7 92 5.12,455 2316,406 639 0.410.50 8.4111 1214
024 5.043 3.11,065 85*3,188 320 0.180.14 4.326 1215
018 3.434 1.99091,482 2,399 240 0.160.14 2.832 1216
017 2.684 1.9607 5641,380 138 0.120.09 1.829 1217
08 3.134 0.3211 78 0 0 0.040.04 0.518 1218
06 5.0197 1.2292 427,917 792 0.060.10 0.639 1219
08 5.6249 3.2367 2513,079 1,309 0.090.12 0.836 1220
011 1.927 1.0467 6532,831 283 0.100.07 1.867 1221
015 4.944 1.7474 24318,985 1,899 0.070.08 0.9 8 1222
024 8.046 1.5308 647,784 779 0.130.22 1.5 6 1223
017 3.5 61.2165 11 6 0 0.020.03 0.5 2 1224
02 0.7 70.1 10124 0 0 0.04Tr 0.1Tr 1225
01Tr270 0.5 1488 0 0 0.000.00 0.0 0 1226
01Tr339 0.5 Tr363 0 0 0.000.00 0.0 0 1227
02 0.1217 0.4505 5 0 0 0.000.00 0.0 0 1228
00 0.0 00.0 01,259 0 0 0.000.00 0.0 0 1229
10 2 0.4 41.1118 438 0 0 0.030.03 0.3 0 1230
065 3.146 1.71,154 2,846 2,438 245 0.210.18 3.336 1231
04 0.2 30.1 72178 152 15 0.010.01 0.2 2 1232
02 0.1 1Tr 29 71 61 6 0.01Tr 0.1 1 1233
01 0.235 0.9 28 3 1Tr 0.010.01 0.1Tr 1234
01 0.9 70.4 50 26908 91 0.010.02 0.2 2 1235
08 4.421 1.8236 428 3 0.020.05 0.3 0 1236
010 5.115 1.2331 3 3Tr 0.010.08 0.6 0 1237