Choles- Carbo- Total Potas- Ribo- Ascor-
terol hydrate dietary Calcium Iron sium Sodium Vitamin A Thiamin flavinNiacin bic acid Food
(mg) (g) fiber (g) (mg) (mg) (mg) (mg) (IU) (RE) (mg) (mg)(mg) (mg) No.
8902 1.228 0.9 11 1 6 1TrTr Tr 1 1238
047 28.6110 11.91,311 18 17 2 0.070.21 1.9 0 1239
03 1.8 70.7 82 1 1Tr Tr0.01 0.1 0 1240
02Tr Tr 0.1495 2 0 0 0.000.00 0.0 0 1241
01 0.710 0.6 31 120 2 0.010.01 0.1Tr 1242
02 0.3 20.1 31 1 0 0 0.01Tr Tr 1 1243
01 0.2 3Tr 12 16 Tr 0TrTr Tr 1 1244
0Tr 0.2 40.1 856 7 1TrTr Tr Tr 1245
0Tr 0.210 0.3 9408 51 5 0.000.00Tr 0 1246
01 0.719 0.7 2192 89 9Tr0.00Tr Tr 1247
02 0.1 80.1 20 1 0 0 0.01Tr Tr Tr 1248
01 0.624 0.7 25 Tr104 10 0.01Tr 0.1 1 1249
01 0.4 40.5 49 11,273 127 0.010.04 0.3 1 1250
01 0.419 1.3 49 6303 30 Tr0.02 0.1 2 1251
01 0.6 90.6 26 1 4Tr Tr0.01Tr Tr 1252
03 0.8 60.3 75833 214 21 0.010.02Tr 1 1253
04 0.4 80.1 48162 34 3 0.000.01 0.0 2 1254
05 0.2Tr 0.1 4122 23 2 0.00Tr Tr Tr 1255
27 0 0.0 90.2 36521 37 11 0.030.08 0.4Tr 1256
015 1.3 70.5361 168 0 0 0.050.06 1.1 9 1257
015 1.4 70.5361 2 0 0 0.050.06 1.1 9 1258
015 1.214 0.5357 213 62 6 0.060.06 1.310 1259
215 1.520 0.5377 177 48 6 0.050.06 1.111 1260
019 1.7 60.4494 139 0 0 0.060.08 2.0 7 1261
017 1.110 0.4366 1851,469 441 0.100.02 1.3 8 1262
014 1.0 70.4286 186 0 0 0.060.03 0.9 2 1263
115 0.318 0.4141 204 214 28 0.050.03 0.7 3 1264
018 1.010 0.4285 121 0 0 0.050.02 1.2 3 1265
00 0.0 1Tr Tr2,325 0 0 0.000.00 0.0 0 1266
666 8.8159 4.9946 177 64 7 0.600.33 6.4 2 1267
092 10.6 80 3.7993 14 69 7 0.630.16 2.111 1268
01 0.0TrTr 6Tr 0 0TrTr Tr 0 1269
01 0.0 10.1 15 Tr 0 0 0.000.00 0.0 0 1270
01 0.0 00.0 2Tr 0 0 0.000.00 0.0 0 1271
03 1.5 41.2140 4Tr 0 0.170.38 2.8Tr 1272
02 0.8 30.7 80 2Tr 0 0.090.22 1.6Tr 1273
03 1.4 30.6102 5 0 0 0.320.19 2.1Tr 1274