Choles- Carbo- Total Potas- Ribo- Ascor-
terol hydrate dietary Calcium Iron sium Sodium Vitamin A Thiamin flavinNiacin bic acid Food
(mg) (g) fiber (g) (mg) (mg) (mg) (mg) (IU) (RE) (mg) (mg)(mg) (mg) No.
8508 0.6 40.4126 10 0 0 0.030.01 0.7 2 1172
033 3.112 1.3501 37 0 0 0.120.03 3.1 9 1173
2932 4.8103 0.5489 697 378 44 0.230.11 1.420 1174
437 4.255 0.6628 636 40 13 0.180.08 2.314 1175
435 4.255 0.5607 620 355 42 0.180.08 2.313 1176
7322 1.518 1.2597 386 109 11 0.100.13 1.617 1177
024 2.524 1.2300 589 13 2 0.150.06 1.7 5 1178
170 28 3.348 1.66351,323 523 83 0.190.15 2.225 1179
2731 2.788 0.9497 835 363 51 0.050.14 2.5 8 1180
2926 4.7140 1.4926 821 331 47 0.170.23 2.626 1181
012 2.737 1.4564 22,651 265 0.080.19 1.012 1182
020 7.164 3.4505 1254,037 5,405 0.060.13 0.910 1183
0Tr 0.1 1Tr 10 1Tr Tr TrTr Tr 1 1184
015 3.182 0.9554 34954 95 0.140.07 1.232 1185
010 5.971 3.54011,560 42 5 0.050.05 0.335 1186
01 0.117 0.3 923 12 1 0.010.02Tr Tr 1187
0Tr Tr 10.3 14 10 6 1 0.020.04 0.1Tr 1188
02 0.2 40.1 33 1119 12 0.01Tr Tr 1 1189
020 7.6261 4.5970 25281 29 0.470.28 2.331 1190
01 0.830 0.8167 242,015 202 0.020.06 0.2 8 1191
0Tr 0.310 0.3 56 8672 67 0.010.02 0.1 3 1192
07 4.3245 6.4839 12614,742 1,474 0.170.42 0.918 1193
010 5.7277 2.9566 16314,790 1,478 0.110.32 0.823 1194
07 5.1272 4.9740 5818,781 1,879 0.030.30 0.831 1195
05 2.123 0.5220 2221 23 0.070.04 0.617 1196
08 2.549 0.6346 2517 52 0.080.07 0.910 1197
018 5.729 0.7896 27,292 730 0.170.05 1.420 1198
024 2.246 1.4319 58,014 802 0.120.09 1.1 8 1199
035 4.441 0.7508 1531,860 3,186 0.110.19 0.936 1200
038 2.833 0.9287 2026,604 2,660 0.080.22 1.027 1201